0	1	1
0.01	0.99995	0.9999
0.02	0.9998	0.9996
0.03	0.99955	0.9991
0.04	0.9992	0.998401
0.05	0.99875	0.997502
0.06	0.998201	0.996404
0.07	0.997551	0.995108
0.08	0.996802	0.993614
0.09	0.995953	0.991922
0.1	0.995004	0.990033
0.11	0.993956	0.987949
0.12	0.992809	0.985669
0.13	0.991562	0.983195
0.14	0.990216	0.980528
0.15	0.988771	0.977668
0.16	0.987227	0.974618
0.17	0.985585	0.971377
0.18	0.983844	0.967948
0.19	0.982004	0.964332
0.2	0.980067	0.960531
0.21	0.978031	0.956544
0.22	0.975897	0.952376
0.23	0.973666	0.948026
0.24	0.971338	0.943497
0.25	0.968912	0.938791
0.26	0.96639	0.93391
0.27	0.963771	0.928854
0.28	0.961055	0.923628
0.29	0.958244	0.918231
0.3	0.955337	0.912668
0.31	0.952334	0.906939
0.32	0.949235	0.901048
0.33	0.946042	0.894996
0.34	0.942755	0.888786
0.35	0.939373	0.882421
0.36	0.935897	0.875903
0.37	0.932327	0.869234
0.38	0.928665	0.862418
0.39	0.924909	0.855457
0.4	0.921061	0.848353
0.41	0.917121	0.841111
0.42	0.913089	0.833731
0.43	0.908966	0.826219
0.44	0.904752	0.818576
0.45	0.900447	0.810805
0.46	0.896053	0.80291
0.47	0.891568	0.794894
0.48	0.886995	0.78676
0.49	0.882333	0.778511
0.5	0.877583	0.770151
0.51	0.872745	0.761683
0.52	0.867819	0.75311
0.53	0.862807	0.744436
0.54	0.857709	0.735664
0.55	0.852525	0.726798
0.56	0.847255	0.717841
0.57	0.841901	0.708798
0.58	0.836463	0.69967
0.59	0.830941	0.690463
0.6	0.825336	0.681179
0.61	0.819648	0.671823
0.62	0.813879	0.662398
0.63	0.808028	0.652909
0.64	0.802096	0.643358
0.65	0.796084	0.63375
0.66	0.789992	0.624088
0.67	0.783822	0.614377
0.68	0.777573	0.60462
0.69	0.771246	0.594821
0.7	0.764842	0.584984
0.71	0.758362	0.575113
0.72	0.751806	0.565212
0.73	0.745175	0.555285
0.74	0.738469	0.545336
0.75	0.731689	0.535369
0.76	0.724836	0.525388
0.77	0.717911	0.515396
0.78	0.710914	0.505398
0.79	0.703846	0.495399
0.8	0.696707	0.485401
0.81	0.689499	0.475409
0.82	0.682222	0.465426
0.83	0.674876	0.455458
0.839999	0.667463	0.445507
0.849999	0.659984	0.435578
0.859999	0.652438	0.425675
0.869999	0.644827	0.415802
0.879999	0.637152	0.405962
0.889999	0.629412	0.39616
0.899999	0.62161	0.386399
0.909999	0.613746	0.376684
0.919999	0.605821	0.367019
0.929999	0.597834	0.357406
0.939999	0.589788	0.34785
0.949999	0.581684	0.338356
0.959999	0.57352	0.328926
0.969999	0.5653	0.319564
0.979999	0.557023	0.310275
0.989999	0.54869	0.301061
0.999999	0.540303	0.291927
1.01	0.531861	0.282876
1.02	0.523366	0.273912
1.03	0.514819	0.265039
1.04	0.506221	0.25626
1.05	0.497572	0.247578
1.06	0.488873	0.238996
1.07	0.480125	0.23052
1.08	0.471329	0.222151
1.09	0.462486	0.213893
1.1	0.453597	0.20575
1.11	0.444662	0.197724
1.12	0.435683	0.18982
1.13	0.42666	0.182039
1.14	0.417595	0.174386
1.15	0.408488	0.166863
1.16	0.39934	0.159473
1.17	0.390152	0.152219
1.18	0.380926	0.145104
1.19	0.371661	0.138132
1.2	0.362358	0.131304
1.21	0.35302	0.124623
1.22	0.343646	0.118093
1.23	0.334238	0.111715
1.24	0.324797	0.105493
1.25	0.315323	0.0994287
1.26	0.305818	0.0935245
1.27	0.296282	0.0877828
1.28	0.286716	0.0822061
1.29	0.277122	0.0767964
1.3	0.2675	0.0715561
1.31	0.257851	0.0664871
1.32	0.248176	0.0615915
1.33	0.238477	0.0568712
1.34	0.228754	0.0523283
1.35	0.219008	0.0479643
1.36	0.20924	0.0437812
1.37	0.199451	0.0397806
1.38	0.189642	0.035964
1.39	0.179814	0.0323331
1.4	0.169968	0.0288892
1.41	0.160105	0.0256337
1.42	0.150226	0.022568
1.43	0.140333	0.0196932
1.44	0.130425	0.0170106
1.45	0.120504	0.0145212
1.46	0.110571	0.0122259
1.47	0.100627	0.0101257
1.48	0.0906727	0.00822153
1.49	0.0807095	0.00651402
1.5	0.0707383	0.0050039
1.51	0.06076	0.00369177
1.52	0.0507756	0.00257816
1.53	0.0407861	0.00166351
1.54	0.0307926	0.000948182
1.55	0.0207959	0.000432471
1.56	0.0107972	0.000116581
1.57	0.000797466	6.35953e-07
1.58	-0.00920239	8.4684e-05
1.59	-0.0192013	0.000368691
1.6	-0.0291984	0.000852544
1.61	-0.0391925	0.00153605
1.62	-0.0491826	0.00241893
1.63	-0.0591679	0.00350084
1.64	-0.0691472	0.00478134
1.65	-0.0791197	0.00625992
1.66	-0.0890842	0.00793599
1.67	-0.0990398	0.00980888
1.68	-0.108986	0.0118778
1.69	-0.11892	0.014142
1.7	-0.128843	0.0166006
1.71	-0.138753	0.0192525
1.72	-0.148649	0.0220967
1.73	-0.158531	0.025132
1.74	-0.168396	0.0283573
1.75	-0.178245	0.0317712
1.76	-0.188076	0.0353724
1.77	-0.197888	0.0391595
1.78	-0.20768	0.0431309
1.79	-0.217451	0.047285
1.8	-0.227201	0.0516202
1.81	-0.236928	0.0561347
1.82	-0.246631	0.0608268
1.83	-0.25631	0.0656946
1.84	-0.265963	0.0707361
1.85	-0.275589	0.0759492
1.86	-0.285188	0.081332
1.87	-0.294758	0.0868823
1.88	-0.304299	0.0925978
1.89	-0.313809	0.0984762
1.9	-0.323288	0.104515
1.91	-0.332735	0.110712
1.92	-0.342148	0.117065
1.93	-0.351527	0.123572
1.94	-0.360871	0.130228
1.95	-0.370179	0.137033
1.96	-0.37945	0.143983
1.97	-0.388683	0.151075
1.98	-0.397877	0.158306
1.99	-0.407032	0.165675
2	-0.416145	0.173177
2.01	-0.425218	0.18081
2.02	-0.434247	0.18857
2.03	-0.443233	0.196456
2.04	-0.452175	0.204462
2.05	-0.461071	0.212587
2.06	-0.469922	0.220826
2.07	-0.478725	0.229178
2.08	-0.487481	0.237638
2.09	-0.496188	0.246202
2.1	-0.504845	0.254868
2.11	-0.513452	0.263632
2.12	-0.522007	0.272491
2.13	-0.53051	0.281441
2.14	-0.53896	0.290478
2.15	-0.547356	0.299599
2.16	-0.555698	0.3088
2.17	-0.563984	0.318078
2.18	-0.572213	0.327428
2.19	-0.580386	0.336847
2.2	-0.5885	0.346332
2.21	-0.596555	0.355878
2.22	-0.604551	0.365482
2.23	-0.612486	0.375139
2.24	-0.62036	0.384847
2.25	-0.628172	0.3946
2.26	-0.635922	0.404396
2.27	-0.643607	0.41423
2.28	-0.651228	0.424098
2.29	-0.658785	0.433997
2.3	-0.666275	0.443922
2.31	-0.673698	0.453869
2.32	-0.681055	0.463835
2.33	-0.688343	0.473816
2.34	-0.695562	0.483807
2.35	-0.702712	0.493804
2.36	-0.709791	0.503804
2.37	-0.7168	0.513802
2.38	-0.723737	0.523795
2.39	-0.730601	0.533778
2.4	-0.737392	0.543748
2.41	-0.74411	0.5537
2.42	-0.750753	0.563631
2.43	-0.757322	0.573536
2.44	-0.763814	0.583412
2.45	-0.77023	0.593254
2.46	-0.776569	0.60306
2.47	-0.78283	0.612824
2.48	-0.789014	0.622542
2.49	-0.795118	0.632212
2.5	-0.801142	0.641829
2.51	-0.807087	0.65139
2.52	-0.812951	0.660889
2.53	-0.818734	0.670325
2.54	-0.824434	0.679692
2.55	-0.830052	0.688987
2.56	-0.835588	0.698207
2.57	-0.841039	0.707347
2.58	-0.846407	0.716405
2.59	-0.85169	0.725376
2.6	-0.856888	0.734257
2.61	-0.862	0.743044
2.62	-0.867026	0.751734
2.63	-0.871965	0.760323
2.64	-0.876817	0.768808
2.65	-0.881581	0.777185
2.66	-0.886257	0.785452
2.67	-0.890845	0.793605
2.68	-0.895343	0.80164
2.69	-0.899752	0.809554
2.7	-0.904071	0.817345
2.71	-0.9083	0.825009
2.72	-0.912437	0.832542
2.73	-0.916484	0.839943
2.74	-0.920439	0.847208
2.75	-0.924302	0.854333
2.76	-0.928072	0.861317
2.77	-0.931749	0.868157
2.78	-0.935334	0.874849
2.79	-0.938825	0.881392
2.8	-0.942222	0.887782
2.81	-0.945524	0.894016
2.82	-0.948732	0.900093
2.83	-0.951846	0.90601
2.84	-0.954864	0.911765
2.85	-0.957787	0.917355
2.86	-0.960613	0.922778
2.87	-0.963344	0.928032
2.88	-0.965979	0.933115
2.89	-0.968517	0.938024
2.9	-0.970958	0.942759
2.91	-0.973302	0.947316
2.92	-0.975548	0.951694
2.93	-0.977697	0.955892
2.94	-0.979748	0.959907
2.95	-0.981702	0.963738
2.96	-0.983557	0.967384
2.97	-0.985314	0.970843
2.98	-0.986972	0.974114
2.99	-0.988531	0.977194
3	-0.989992	0.980084
3.01	-0.991354	0.982782
3.02	-0.992616	0.985287
3.03	-0.99378	0.987598
3.04	-0.994844	0.989714
3.05	-0.995808	0.991634
3.06	-0.996673	0.993357
3.07	-0.997438	0.994883
3.08	-0.998104	0.996211
3.09	-0.998669	0.99734
3.1	-0.999135	0.998271
3.11	-0.999501	0.999002
3.12	-0.999767	0.999534
3.13	-0.999933	0.999866
3.14	-0.999999	0.999997
3.15	-0.999965	0.999929
3.16	-0.999831	0.999661
3.17	-0.999597	0.999193
3.18	-0.999263	0.998526
3.19	-0.998829	0.997659
3.2	-0.998295	0.996593
3.21	-0.997661	0.995328
3.22	-0.996928	0.993865
3.23	-0.996095	0.992205
3.24	-0.995162	0.990348
3.25	-0.99413	0.988294
3.26	-0.992998	0.986046
3.27	-0.991767	0.983603
3.28	-0.990437	0.980966
3.29	-0.989008	0.978137
3.3	-0.98748	0.975117
3.31	-0.985853	0.971907
3.32	-0.984128	0.968508
3.33	-0.982304	0.964922
3.34	-0.980382	0.961149
3.35	-0.978362	0.957193
3.36	-0.976244	0.953053
3.37	-0.974029	0.948732
3.38	-0.971716	0.944232
3.39	-0.969306	0.939554
3.4	-0.966799	0.9347
3.41	-0.964195	0.929672
3.42	-0.961495	0.924473
3.43	-0.958699	0.919104
3.44	-0.955807	0.913567
3.45	-0.952819	0.907864
3.46	-0.949736	0.901999
3.47	-0.946558	0.895972
3.48	-0.943286	0.889788
3.49	-0.939919	0.883447
3.5	-0.936458	0.876953
3.51	-0.932903	0.870308
3.52	-0.929255	0.863515
3.53	-0.925514	0.856577
3.54	-0.921681	0.849496
3.55	-0.917756	0.842275
3.56	-0.913738	0.834918
3.57	-0.90963	0.827426
3.58	-0.90543	0.819804
3.59	-0.90114	0.812053
3.6	-0.89676	0.804178
3.61	-0.89229	0.796181
3.62	-0.887731	0.788066
3.63	-0.883083	0.779835
3.64	-0.878346	0.771492
3.65	-0.873522	0.763041
3.66	-0.868611	0.754485
3.67	-0.863613	0.745827
3.68	-0.858528	0.73707
3.69	-0.853357	0.728219
3.7	-0.848102	0.719276
3.71	-0.842761	0.710246
3.72	-0.837336	0.701132
3.73	-0.831827	0.691937
3.74	-0.826236	0.682665
3.75	-0.820561	0.673321
3.76	-0.814805	0.663907
3.77	-0.808967	0.654427
3.78	-0.803048	0.644886
3.79	-0.797049	0.635286
3.8	-0.79097	0.625633
3.81	-0.784812	0.615929
3.82	-0.778575	0.606179
3.83	-0.772261	0.596387
3.84	-0.765869	0.586556
3.85	-0.759401	0.57669
3.86	-0.752857	0.566794
3.87	-0.746238	0.556871
3.88	-0.739544	0.546925
3.89	-0.732776	0.53696
3.9	-0.725935	0.526981
3.91	-0.719021	0.516991
3.92	-0.712035	0.506994
3.93	-0.704978	0.496994
3.94	-0.697851	0.486996
3.95	-0.690654	0.477002
3.96	-0.683387	0.467018
3.97	-0.676053	0.457047
3.98	-0.66865	0.447093
3.99	-0.661181	0.437161
4	-0.653646	0.427253
4.01	-0.646045	0.417375
4.02	-0.63838	0.407529
4.03	-0.630651	0.397721
4.04	-0.622859	0.387953
4.05	-0.615004	0.37823
4.06	-0.607088	0.368556
4.07	-0.599111	0.358934
4.08	-0.591075	0.349369
4.09	-0.582979	0.339864
4.1	-0.574825	0.330424
4.11	-0.566613	0.321051
4.12	-0.558345	0.311749
4.13	-0.550021	0.302523
4.14	-0.541642	0.293376
4.15	-0.533209	0.284311
4.16	-0.524722	0.275333
4.17	-0.516183	0.266445
4.18	-0.507592	0.25765
4.19	-0.498951	0.248952
4.2	-0.49026	0.240355
4.21	-0.481519	0.231861
4.22	-0.472731	0.223475
4.23	-0.463895	0.215199
4.24	-0.455013	0.207037
4.25	-0.446085	0.198992
4.26	-0.437113	0.191068
4.27	-0.428097	0.183267
4.28	-0.419038	0.175593
4.29	-0.409938	0.168049
4.3	-0.400796	0.160637
4.31	-0.391614	0.153362
4.32	-0.382393	0.146225
4.33	-0.373134	0.139229
4.34	-0.363838	0.132378
4.35	-0.354505	0.125674
4.36	-0.345136	0.119119
4.37001	-0.335734	0.112717
4.38001	-0.326297	0.10647
4.39001	-0.316828	0.10038
4.40001	-0.307327	0.0944501
4.41001	-0.297796	0.0886824
4.42001	-0.288235	0.0830792
4.43001	-0.278645	0.0776428
4.44001	-0.269027	0.0723753
4.45001	-0.259382	0.0672789
4.46001	-0.249711	0.0623556
4.47001	-0.240015	0.0576073
4.48001	-0.230295	0.053036
4.49001	-0.220553	0.0486435
4.50001	-0.210788	0.0444315
4.51001	-0.201002	0.0404018
4.52001	-0.191196	0.0365559
4.53001	-0.181371	0.0328954
4.54001	-0.171528	0.0294217
4.55001	-0.161667	0.0261362
4.56001	-0.15179	0.0230404
4.57001	-0.141899	0.0201352
4.58001	-0.131993	0.0174221
4.59001	-0.122074	0.014902
4.60001	-0.112142	0.0125759
4.61001	-0.1022	0.0104448
4.62001	-0.0922468	0.00850947
4.63001	-0.0822848	0.00677078
4.64001	-0.0723145	0.00522939
4.65001	-0.062337	0.0038859
4.66001	-0.0523533	0.00274086
4.67001	-0.0423643	0.00179473
4.68001	-0.0323711	0.00104789
4.69001	-0.0223747	0.000500625
4.70001	-0.012376	0.000153165
4.71001	-0.00237607	5.64569e-06
4.72001	0.00762409	5.81267e-05
4.73001	0.0176235	0.000310587
4.74001	0.0276211	0.000762925
4.75001	0.037616	0.00141496
4.76001	0.0476071	0.00226643
4.77001	0.0575934	0.003317
4.78001	0.067574	0.00456625
4.79001	0.0775478	0.00601367
4.80001	0.0875139	0.00765868
4.81002	0.0974712	0.00950064
4.82002	0.107419	0.0115388
4.83002	0.117356	0.0137723
4.84002	0.127281	0.0162004
4.85002	0.137193	0.0188219
4.86002	0.147092	0.021636
4.87002	0.156976	0.0246414
4.88002	0.166844	0.0278369
4.89002	0.176695	0.0312213
4.90002	0.186529	0.0347932
4.91002	0.196345	0.0385512
4.92002	0.20614	0.0424938
4.93002	0.215915	0.0466193
4.94002	0.225669	0.0509263
4.95002	0.235399	0.0554128
4.96002	0.245107	0.0600772
4.97002	0.254789	0.0649176
4.98002	0.264447	0.069932
4.99002	0.274078	0.0751185
5.00002	0.283681	0.0804749
5.01002	0.293256	0.0859991
5.02002	0.302802	0.0916889
5.03002	0.312317	0.097542
5.04002	0.321801	0.103556
5.05002	0.331253	0.109729
5.06002	0.340672	0.116058
5.07002	0.350057	0.12254
5.08002	0.359407	0.129173
5.09002	0.368721	0.135955
5.10002	0.377998	0.142882
5.11002	0.387237	0.149953
5.12002	0.396438	0.157163
5.13002	0.405599	0.16451
5.14002	0.414719	0.171992
5.15002	0.423798	0.179604
5.16002	0.432834	0.187345
5.17002	0.441827	0.195211
5.18002	0.450776	0.203199
5.19002	0.45968	0.211306
5.20002	0.468538	0.219528
5.21002	0.477349	0.227862
5.22002	0.486112	0.236305
5.23002	0.494827	0.244854
5.24003	0.503492	0.253504
5.25003	0.512107	0.262254
5.26003	0.520671	0.271098
5.27003	0.529182	0.280034
5.28003	0.537641	0.289058
5.29003	0.546046	0.298166
5.30003	0.554396	0.307355
5.31003	0.562691	0.316621
5.32003	0.57093	0.325961
5.33003	0.579111	0.33537
5.34003	0.587235	0.344845
5.35003	0.5953	0.354382
5.36003	0.603305	0.363977
5.37003	0.61125	0.373627
5.38003	0.619134	0.383327
5.39003	0.626956	0.393074
5.40003	0.634715	0.402863
5.41003	0.642411	0.412692
5.42003	0.650042	0.422555
5.43003	0.657609	0.432449
5.44003	0.66511	0.442371
5.45003	0.672544	0.452315
5.46003	0.679911	0.462279
5.47003	0.68721	0.472257
5.48003	0.69444	0.482247
5.49003	0.701601	0.492244
5.50003	0.708692	0.502244
5.51003	0.715711	0.512243
5.52003	0.72266	0.522237
5.53003	0.729536	0.532222
5.54003	0.736339	0.542195
5.55003	0.743068	0.55215
5.56003	0.749723	0.562085
5.57003	0.756303	0.571994
5.58003	0.762807	0.581875
5.59003	0.769236	0.591724
5.60003	0.775587	0.601535
5.61003	0.781861	0.611306
5.62003	0.788056	0.621032
5.63003	0.794173	0.63071
5.64003	0.80021	0.640336
5.65003	0.806167	0.649906
5.66003	0.812044	0.659415
5.67003	0.817839	0.668861
5.68004	0.823553	0.678239
5.69004	0.829184	0.687546
5.70004	0.834732	0.696778
5.71004	0.840197	0.705931
5.72004	0.845578	0.715002
5.73004	0.850874	0.723987
5.74004	0.856086	0.732882
5.75004	0.861211	0.741684
5.76004	0.866251	0.75039
5.77004	0.871203	0.758995
5.78004	0.876069	0.767497
5.79004	0.880847	0.775892
5.80004	0.885537	0.784176
5.81004	0.890139	0.792347
5.82004	0.894651	0.8004
5.83004	0.899074	0.808334
5.84004	0.903407	0.816144
5.85004	0.90765	0.823828
5.86004	0.911802	0.831382
5.87004	0.915862	0.838804
5.88004	0.919831	0.84609
5.89004	0.923709	0.853238
5.90004	0.927493	0.860244
5.91004	0.931185	0.867106
5.92004	0.934784	0.873822
5.93004	0.93829	0.880388
5.94004	0.941701	0.886802
5.95004	0.945019	0.893061
5.96004	0.948242	0.899162
5.97004	0.95137	0.905105
5.98004	0.954403	0.910885
5.99004	0.95734	0.916501
6.00004	0.960182	0.92195
6.01004	0.962928	0.92723
6.02004	0.965577	0.93234
6.03004	0.96813	0.937276
6.04004	0.970586	0.942038
6.05004	0.972945	0.946623
6.06004	0.975207	0.951029
6.07004	0.977371	0.955255
6.08004	0.979438	0.959298
6.09004	0.981406	0.963158
6.10004	0.983277	0.966833
6.11004	0.985049	0.970321
6.12005	0.986722	0.973621
6.13005	0.988297	0.976731
6.14005	0.989773	0.979651
6.15005	0.99115	0.982378
6.16005	0.992428	0.984913
6.17005	0.993607	0.987254
6.18005	0.994686	0.9894
6.19005	0.995666	0.99135
6.20005	0.996546	0.993104
6.21005	0.997327	0.99466
6.22005	0.998007	0.996019
6.23005	0.998589	0.997179
6.24005	0.99907	0.99814
6.25005	0.999451	0.998902
6.26005	0.999732	0.999465
6.27005	0.999914	0.999827
