10 0.462514
11 0.567563
12 0.510665
13 0.578356
14 0.594774
15 0.402768
16 0.469478
17 0.475156
18 0.558379
19 0.576998
20 0.483191
21 0.552079
22 0.489305
23 0.57945
24 0.489972
25 0.465892
26 0.456163
27 0.579236
28 0.553715
29 0.580973
30 0.458731
31 0.549833
32 0.466927
33 0.549847
34 0.457398
35 0.505603
36 0.578668
37 0.410885
38 0.52664
39 0.535101
40 0.53236
41 0.520427
42 0.513846
43 0.441217
44 0.466752
45 0.515274
46 0.515933
47 0.478933
48 0.554858
49 0.491772
50 0.520027
51 0.515646
52 0.47857
53 0.503928
54 0.461197
55 0.525964
56 0.464398
57 0.508402
58 0.505881
59 0.509429
60 0.453214
61 0.460574
62 0.470326
63 0.446681
64 0.555073
65 0.514826
66 0.542664
67 0.432915
68 0.445674
69 0.474677
70 0.52007
71 0.49884
72 0.506469
73 0.515731
74 0.442832
75 0.477518
76 0.516043
77 0.496993
78 0.531598
79 0.523439
80 0.506169
81 0.502848
82 0.487518
83 0.523029
84 0.556737
85 0.462843
86 0.562926
87 0.512256
88 0.504483
89 0.530669
90 0.50839
91 0.523482
92 0.473218
93 0.524397
94 0.524784
95 0.522011
96 0.54691
97 0.475125
98 0.515119
99 0.511968
100 0.489762
101 0.48829
102 0.481454
103 0.495636
104 0.48376
105 0.4867
106 0.484108
107 0.472826
108 0.551339
109 0.535007
110 0.492966
111 0.515459
112 0.506804
113 0.485808
114 0.479375
115 0.532649
116 0.483227
117 0.524087
118 0.488013
119 0.483453
120 0.521282
121 0.506796
122 0.485952
123 0.496216
124 0.523656
125 0.499272
126 0.538901
127 0.526443
128 0.543852
129 0.511428
130 0.489955
131 0.474717
132 0.457911
133 0.560013
134 0.474079
135 0.512566
136 0.47221
137 0.499266
138 0.501558
139 0.494181
140 0.483119
141 0.529761
142 0.523072
143 0.513705
144 0.432536
145 0.485586
146 0.503312
147 0.464868
148 0.485291
149 0.516397
150 0.484446
151 0.505128
152 0.524625
153 0.466975
154 0.51108
155 0.504114
156 0.491719
157 0.498943
158 0.475687
159 0.456725
160 0.503778
161 0.518371
162 0.558206
163 0.521289
164 0.520925
165 0.464096
166 0.502554
167 0.486808
168 0.484181
169 0.458903
170 0.481457
171 0.4984
172 0.457428
173 0.521477
174 0.500431
175 0.491692
176 0.495315
177 0.490844
178 0.444054
179 0.510805
180 0.509943
181 0.515714
182 0.530098
183 0.494379
184 0.462296
185 0.470191
186 0.493663
187 0.480282
188 0.483485
189 0.488388
190 0.512396
191 0.49761
192 0.524335
193 0.488003
194 0.500542
195 0.49441
196 0.491588
197 0.506614
198 0.507721
199 0.506607
200 0.505489
201 0.49557
202 0.493368
203 0.473453
204 0.520339
205 0.504529
206 0.484957
207 0.506761
208 0.50426
209 0.457422
210 0.468435
211 0.483263
212 0.517358
213 0.512135
214 0.512922
215 0.486843
216 0.481848
217 0.499782
218 0.47967
219 0.482549
220 0.48672
221 0.484132
222 0.531929
223 0.495164
224 0.529777
225 0.466633
226 0.526443
227 0.505366
228 0.496434
229 0.470765
230 0.50415
231 0.472022
232 0.526006
233 0.512192
234 0.517946
235 0.452807
236 0.49893
237 0.493198
238 0.515424
239 0.482918
240 0.49994
241 0.515218
242 0.483689
243 0.490359
244 0.515803
245 0.502279
246 0.504019
247 0.501068
248 0.507323
249 0.521641
250 0.464801
251 0.484834
252 0.507905
253 0.50359
254 0.512894
255 0.500582
256 0.481482
257 0.507284
258 0.502454
259 0.484339
260 0.481846
261 0.527963
262 0.496369
263 0.4785
264 0.508001
265 0.507089
266 0.522443
267 0.487843
268 0.488083
269 0.546813
270 0.496976
271 0.496597
272 0.477302
273 0.490335
274 0.469521
275 0.50587
276 0.510249
277 0.504298
278 0.515792
279 0.475908
280 0.497195
281 0.502502
282 0.507862
283 0.502076
284 0.507983
285 0.471418
286 0.513524
287 0.488694
288 0.507235
289 0.514275
290 0.50757
291 0.482057
292 0.509304
293 0.476346
294 0.500944
295 0.512906
296 0.538185
297 0.518392
298 0.52453
299 0.503019
300 0.501557
301 0.526361
302 0.506178
303 0.511249
304 0.495333
305 0.516173
306 0.490674
307 0.496037
308 0.488641
309 0.529134
310 0.488005
311 0.50246
312 0.509037
313 0.494056
314 0.478669
315 0.496494
316 0.495676
317 0.484939
318 0.491946
319 0.480318
320 0.474696
321 0.503158
322 0.47202
323 0.521638
324 0.491816
325 0.530122
326 0.519582
327 0.501556
328 0.496101
329 0.504635
330 0.516012
331 0.502591
332 0.518277
333 0.486541
334 0.500614
335 0.488721
336 0.487623
337 0.489098
338 0.505676
339 0.490026
340 0.502987
341 0.500578
342 0.52496
343 0.496263
344 0.519297
345 0.467364
346 0.483918
347 0.499572
348 0.484774
349 0.486507
350 0.510984
351 0.501027
352 0.514069
353 0.518761
354 0.49692
355 0.501354
356 0.495883
357 0.50399
358 0.483744
359 0.495589
360 0.499942
361 0.49103
362 0.493029
363 0.474669
364 0.483297
365 0.51466
366 0.482408
367 0.512816
368 0.492409
369 0.478217
370 0.503111
371 0.520468
372 0.502008
373 0.478763
374 0.491155
375 0.496456
376 0.492787
377 0.469477
378 0.483155
379 0.482328
380 0.512278
381 0.523421
382 0.488849
383 0.50713
384 0.495235
385 0.504791
386 0.536206
387 0.51749
388 0.517555
389 0.487941
390 0.51343
391 0.492323
392 0.517274
393 0.504097
394 0.509194
395 0.519615
396 0.500601
397 0.505726
398 0.495196
399 0.492347
400 0.500579
401 0.507399
402 0.50659
403 0.483553
404 0.49832
405 0.519138
406 0.516624
407 0.490398
408 0.512532
409 0.49037
410 0.495649
411 0.472049
412 0.518075
413 0.512895
414 0.505573
415 0.499137
416 0.524727
417 0.495141
418 0.477073
419 0.514677
420 0.514419
421 0.50077
422 0.486214
423 0.525736
424 0.498356
425 0.495494
426 0.497157
427 0.490558
428 0.486459
429 0.524464
430 0.517457
431 0.516645
432 0.477406
433 0.480663
434 0.5125
435 0.51158
436 0.475851
437 0.511345
438 0.478363
439 0.486591
440 0.491982
441 0.510288
442 0.486153
443 0.502396
444 0.523317
445 0.498742
446 0.493862
447 0.488966
448 0.469834
449 0.530668
450 0.498625
451 0.481461
452 0.502492
453 0.480652
454 0.493678
455 0.499838
456 0.496837
457 0.501774
458 0.508314
459 0.498082
460 0.507898
461 0.490396
462 0.509751
463 0.514253
464 0.478428
465 0.481558
466 0.475545
467 0.486527
468 0.505055
469 0.514818
470 0.511123
471 0.511514
472 0.504514
473 0.513685
474 0.513589
475 0.48647
476 0.498394
477 0.495916
478 0.504015
479 0.492085
480 0.500157
481 0.495653
482 0.515095
483 0.487324
484 0.495089
485 0.521731
486 0.489934
487 0.499166
488 0.492968
489 0.477233
490 0.501534
491 0.497572
492 0.506621
493 0.493264
494 0.498654
495 0.50795
496 0.481238
497 0.479409
498 0.504256
499 0.500854
500 0.50791
501 0.494417
502 0.476839
503 0.498499
504 0.496523
505 0.499098
506 0.513894
507 0.496408
508 0.500476
509 0.490523
510 0.510383
511 0.498612
512 0.506483
513 0.492209
514 0.512823
515 0.487306
516 0.492051
517 0.493216
518 0.499477
519 0.489643
520 0.484068
521 0.487713
522 0.487611
523 0.50969
524 0.496359
525 0.507945
526 0.501747
527 0.517725
528 0.47389
529 0.494678
530 0.493964
531 0.525326
532 0.486532
533 0.471503
534 0.479094
535 0.485128
536 0.487886
537 0.493797
538 0.502749
539 0.516052
540 0.498023
541 0.497213
542 0.508525
543 0.491646
544 0.519098
545 0.484838
546 0.518587
547 0.486203
548 0.524929
549 0.500047
550 0.496013
551 0.507591
552 0.502016
553 0.49913
554 0.498465
555 0.4636
556 0.49985
557 0.491549
558 0.512101
559 0.514904
560 0.490844
561 0.505468
562 0.490845
563 0.498916
564 0.492371
565 0.51638
566 0.49677
567 0.48552
568 0.495416
569 0.500035
570 0.505754
571 0.492959
572 0.503562
573 0.50569
574 0.503424
575 0.508492
576 0.483724
577 0.500422
578 0.513674
579 0.503475
580 0.502135
581 0.500615
582 0.507934
583 0.517025
584 0.490384
585 0.488351
586 0.477893
587 0.507945
588 0.48794
589 0.490613
590 0.518647
591 0.491968
592 0.519193
593 0.519649
594 0.492682
595 0.499932
596 0.509783
597 0.524701
598 0.493649
599 0.513059
600 0.496585
601 0.516627
602 0.505759
603 0.512042
604 0.512337
605 0.505328
606 0.486182
607 0.501971
608 0.492778
609 0.47957
610 0.481643
611 0.501693
612 0.504094
613 0.502143
614 0.482616
615 0.494824
616 0.508854
617 0.486464
618 0.503774
619 0.50137
620 0.486553
621 0.507503
622 0.497993
623 0.513662
624 0.519
625 0.487854
626 0.475395
627 0.498945
628 0.507142
629 0.48854
630 0.509298
631 0.495331
632 0.491643
633 0.491071
634 0.51444
635 0.497069
636 0.514235
637 0.517019
638 0.498527
639 0.511028
640 0.502829
641 0.486843
642 0.488223
643 0.519126
644 0.498407
645 0.495158
646 0.492012
647 0.514347
648 0.515597
649 0.507446
650 0.503103
651 0.490492
652 0.505611
653 0.506403
654 0.497769
655 0.496048
656 0.490002
657 0.509767
658 0.511726
659 0.49286
660 0.49935
661 0.475602
662 0.482655
663 0.496198
664 0.523252
665 0.492249
666 0.492093
667 0.512948
668 0.513153
669 0.512031
670 0.490381
671 0.515748
672 0.486467
673 0.504978
674 0.509003
675 0.49592
676 0.513425
677 0.503826
678 0.503389
679 0.504863
680 0.507773
681 0.492916
682 0.496664
683 0.493158
684 0.508971
685 0.490656
686 0.500725
687 0.479957
688 0.488338
689 0.495551
690 0.499527
691 0.496908
692 0.506356
693 0.488668
694 0.482092
695 0.4821
696 0.487554
697 0.506332
698 0.49617
699 0.490141
700 0.488968
701 0.498991
702 0.490847
703 0.499505
704 0.499525
705 0.499881
706 0.518085
707 0.508372
708 0.500564
709 0.497005
710 0.498817
711 0.504749
712 0.503582
713 0.497867
714 0.494591
715 0.501786
716 0.482566
717 0.490973
718 0.517952
719 0.532411
720 0.49132
721 0.492212
722 0.496733
723 0.481187
724 0.496448
725 0.489785
726 0.506971
727 0.496724
728 0.517981
729 0.489205
730 0.487797
731 0.50897
732 0.497568
733 0.499238
734 0.494244
735 0.4837
736 0.493533
737 0.508483
738 0.4974
739 0.481492
740 0.500896
741 0.501329
742 0.507343
743 0.491665
744 0.482972
745 0.502148
746 0.502497
747 0.514217
748 0.499083
749 0.498903
750 0.483582
751 0.49181
752 0.482132
753 0.509553
754 0.511234
755 0.502867
756 0.486722
757 0.515261
758 0.506655
759 0.492971
760 0.510494
761 0.530762
762 0.505441
763 0.479929
764 0.5063
765 0.498565
766 0.496712
767 0.499208
768 0.50586
769 0.49442
770 0.495297
771 0.510339
772 0.499126
773 0.489314
774 0.513924
775 0.498286
776 0.48913
777 0.500476
778 0.495618
779 0.515588
780 0.492946
781 0.502611
782 0.502413
783 0.508422
784 0.504661
785 0.476074
786 0.494066
787 0.485146
788 0.485405
789 0.508578
790 0.495949
791 0.490874
792 0.50385
793 0.492603
794 0.489809
795 0.497962
796 0.488764
797 0.487704
798 0.507376
799 0.505872
800 0.494688
801 0.488303
802 0.507739
803 0.504105
804 0.492741
805 0.499407
806 0.509447
807 0.506411
808 0.516023
809 0.494347
810 0.501503
811 0.497595
812 0.494812
813 0.487536
814 0.494637
815 0.495514
816 0.499955
817 0.496368
818 0.503089
819 0.509239
820 0.500894
821 0.505916
822 0.499906
823 0.499247
824 0.496427
825 0.496605
826 0.500242
827 0.490276
828 0.502895
829 0.486936
830 0.505657
831 0.494886
832 0.502661
833 0.492606
834 0.497215
835 0.497462
836 0.496184
837 0.511425
838 0.496075
839 0.495738
840 0.503586
841 0.509137
842 0.503753
843 0.486183
844 0.507074
845 0.51084
846 0.522958
847 0.485552
848 0.499414
849 0.516232
850 0.489376
851 0.493745
852 0.493291
853 0.504244
854 0.510473
855 0.496558
856 0.508488
857 0.500601
858 0.498653
859 0.498356
860 0.499746
861 0.492837
862 0.519614
863 0.504028
864 0.504323
865 0.491134
866 0.506838
867 0.50721
868 0.489002
869 0.494835
870 0.492423
871 0.487564
872 0.506558
873 0.513556
874 0.500701
875 0.502343
876 0.506194
877 0.50334
878 0.509951
879 0.488922
880 0.487573
881 0.516432
882 0.493679
883 0.512246
884 0.498618
885 0.495209
886 0.509615
887 0.491092
888 0.509806
889 0.493622
890 0.50436
891 0.497544
892 0.495066
893 0.501683
894 0.484472
895 0.510353
896 0.504452
897 0.506665
898 0.5056
899 0.500291
900 0.503295
901 0.486591
902 0.509723
903 0.491774
904 0.488934
905 0.506777
906 0.502412
907 0.495923
908 0.520989
909 0.508609
910 0.501461
911 0.488323
912 0.487481
913 0.489197
914 0.505021
915 0.496247
916 0.490171
917 0.493371
918 0.519065
919 0.508069
920 0.50562
921 0.507776
922 0.500164
923 0.513579
924 0.493696
925 0.510511
926 0.493569
927 0.486477
928 0.499823
929 0.495169
930 0.49452
931 0.516602
932 0.503257
933 0.49255
934 0.500778
935 0.501354
936 0.500845
937 0.508349
938 0.474383
939 0.492228
940 0.505572
941 0.517447
942 0.487523
943 0.502619
944 0.491071
945 0.500849
946 0.502923
947 0.514007
948 0.488823
949 0.507627
950 0.503268
951 0.484736
952 0.508095
953 0.493136
954 0.507545
955 0.497332
956 0.489542
957 0.501964
958 0.485548
959 0.508666
960 0.512794
961 0.504917
962 0.509399
963 0.502922
964 0.512957
965 0.506598
966 0.501599
967 0.508713
968 0.506909
969 0.512179
970 0.518161
971 0.487083
972 0.495288
973 0.488038
974 0.505323
975 0.487105
976 0.498854
977 0.506988
978 0.507127
979 0.501949
980 0.489767
981 0.519238
982 0.497792
983 0.501572
984 0.497077
985 0.50094
986 0.505991
987 0.507253
988 0.502985
989 0.499585
990 0.493848
991 0.516412
992 0.489358
993 0.501983
994 0.511261
995 0.50326
996 0.503418
997 0.514174
998 0.496971
999 0.507272
1000 0.496702
1001 0.522308
1002 0.492341
1003 0.496471
1004 0.524854
1005 0.487909
1006 0.495
1007 0.480791
1008 0.505816
1009 0.508545
1010 0.481428
1011 0.502769
1012 0.49086
1013 0.490255
1014 0.506526
1015 0.510376
1016 0.510494
1017 0.472839
1018 0.492804
1019 0.51635
1020 0.491543
1021 0.513563
1022 0.516775
1023 0.495592
1024 0.497519
1025 0.489628
1026 0.495067
1027 0.51414
1028 0.500183
1029 0.490875
1030 0.493776
1031 0.49805
1032 0.504044
1033 0.50266
1034 0.501851
1035 0.498795
1036 0.51373
1037 0.509858
1038 0.515648
1039 0.495099
1040 0.512093
1041 0.502685
1042 0.519407
1043 0.485834
1044 0.497325
1045 0.500194
1046 0.498415
1047 0.507758
1048 0.497144
1049 0.504568
1050 0.505717
1051 0.502841
1052 0.49366
1053 0.49654
1054 0.508255
1055 0.498338
1056 0.489354
1057 0.485198
1058 0.505699
1059 0.486833
1060 0.498095
1061 0.490607
1062 0.500715
1063 0.512088
1064 0.492782
1065 0.484249
1066 0.501326
1067 0.506675
1068 0.498272
1069 0.517391
1070 0.506012
1071 0.496508
1072 0.496203
1073 0.494823
1074 0.485752
1075 0.512223
1076 0.49497
1077 0.496464
1078 0.506339
1079 0.494118
1080 0.492166
1081 0.49791
1082 0.510544
1083 0.496504
1084 0.511947
1085 0.499052
1086 0.498066
1087 0.500185
1088 0.509379
1089 0.489905
1090 0.483241
1091 0.500669
1092 0.502666
1093 0.511298
1094 0.490024
1095 0.528729
1096 0.503666
1097 0.496843
1098 0.491336
1099 0.500933
1100 0.491575
1101 0.508754
1102 0.499357
1103 0.490911
1104 0.515402
1105 0.49603
1106 0.511308
1107 0.504056
1108 0.499938
1109 0.506676
1110 0.497679
1111 0.492948
1112 0.499927
1113 0.489588
1114 0.480499
1115 0.4987
1116 0.500661
1117 0.49172
1118 0.498367
1119 0.492942
1120 0.495104
1121 0.494466
1122 0.504516
1123 0.506477
1124 0.499473
1125 0.508574
1126 0.494262
1127 0.496162
1128 0.493296
1129 0.512887
1130 0.488816
1131 0.508529
1132 0.488782
1133 0.481081
1134 0.508322
1135 0.489722
1136 0.500753
1137 0.498882
1138 0.508847
1139 0.505415
1140 0.507328
1141 0.494853
1142 0.500605
1143 0.497914
1144 0.514182
1145 0.503257
1146 0.515559
1147 0.506284
1148 0.491252
1149 0.494635
1150 0.484118
1151 0.513226
1152 0.489688
1153 0.491813
1154 0.505095
1155 0.502079
1156 0.496776
1157 0.499895
1158 0.514035
1159 0.49109
1160 0.501663
1161 0.493495
1162 0.510461
1163 0.49396
1164 0.508593
1165 0.503029
1166 0.507634
1167 0.509223
1168 0.497205
1169 0.508188
1170 0.506106
1171 0.505894
1172 0.495445
1173 0.499569
1174 0.495213
1175 0.487392
1176 0.504382
1177 0.490805
1178 0.495198
1179 0.495414
1180 0.484299
1181 0.499772
1182 0.488742
1183 0.488698
1184 0.513103
1185 0.500602
1186 0.51244
1187 0.499759
1188 0.488372
1189 0.484806
1190 0.492324
1191 0.49579
1192 0.499081
1193 0.49667
1194 0.494726
1195 0.499753
1196 0.494084
1197 0.502743
1198 0.493553
1199 0.505413
1200 0.51262
1201 0.500923
1202 0.514928
1203 0.483391
1204 0.501928
1205 0.499065
1206 0.514287
1207 0.493202
1208 0.507936
1209 0.500426
1210 0.495101
1211 0.494375
1212 0.504934
1213 0.508836
1214 0.494824
1215 0.506997
1216 0.508824
1217 0.508547
1218 0.504722
1219 0.50704
1220 0.501807
1221 0.501701
1222 0.484718
1223 0.502427
1224 0.513641
1225 0.509093
1226 0.497284
1227 0.506303
1228 0.494667
1229 0.497524
1230 0.493192
1231 0.512555
1232 0.49995
1233 0.491761
1234 0.497425
1235 0.491045
1236 0.494916
1237 0.499487
1238 0.485317
1239 0.508215
1240 0.50215
1241 0.507463
1242 0.499345
1243 0.495219
1244 0.494998
1245 0.512731
1246 0.504267
1247 0.500649
1248 0.501214
1249 0.496065
1250 0.503373
1251 0.494604
1252 0.487952
1253 0.494964
1254 0.505827
1255 0.499231
1256 0.48924
1257 0.502424
1258 0.485627
1259 0.494684
1260 0.492001
1261 0.487355
1262 0.492797
1263 0.513031
1264 0.504404
1265 0.506368
1266 0.507306
1267 0.50252
1268 0.50273
1269 0.505466
1270 0.50113
1271 0.500897
1272 0.508862
1273 0.501144
1274 0.497519
1275 0.506542
1276 0.503216
1277 0.502191
1278 0.513211
1279 0.493664
1280 0.50893
1281 0.49967
1282 0.493866
1283 0.505934
1284 0.50662
1285 0.497066
1286 0.50008
1287 0.49411
1288 0.494071
1289 0.497161
1290 0.50055
1291 0.494644
1292 0.49362
1293 0.488918
1294 0.491728
1295 0.492079
1296 0.474633
1297 0.499803
1298 0.501658
1299 0.505682
1300 0.493678
1301 0.509198
1302 0.504518
1303 0.493837
1304 0.496209
1305 0.486277
1306 0.494696
1307 0.48808
1308 0.490511
1309 0.502369
1310 0.510222
1311 0.500597
1312 0.497098
1313 0.493213
1314 0.501284
1315 0.502575
1316 0.498989
1317 0.501543
1318 0.49706
1319 0.498608
1320 0.501226
1321 0.492287
1322 0.494936
1323 0.49969
1324 0.491005
1325 0.496833
1326 0.497844
1327 0.493711
1328 0.486764
1329 0.492321
1330 0.479733
1331 0.511863
1332 0.50024
1333 0.495449
1334 0.504731
1335 0.490401
1336 0.511876
1337 0.495779
1338 0.48589
1339 0.504106
1340 0.507252
1341 0.496241
1342 0.514022
1343 0.502166
1344 0.512307
1345 0.495476
1346 0.506747
1347 0.498067
1348 0.505215
1349 0.501404
1350 0.506496
1351 0.488252
1352 0.495653
1353 0.481639
1354 0.503299
1355 0.505573
1356 0.494764
1357 0.512982
1358 0.484807
1359 0.482471
1360 0.49479
1361 0.497115
1362 0.497463
1363 0.512013
1364 0.507705
1365 0.49782
1366 0.497473
1367 0.507468
1368 0.497223
1369 0.504642
1370 0.484478
1371 0.489649
1372 0.500897
1373 0.500595
1374 0.492575
1375 0.501592
1376 0.488266
1377 0.512473
1378 0.511637
1379 0.497192
1380 0.517736
1381 0.486544
1382 0.496622
1383 0.505726
1384 0.502993
1385 0.51448
1386 0.507952
1387 0.503579
1388 0.508134
1389 0.494767
1390 0.502797
1391 0.500031
1392 0.504634
1393 0.508069
1394 0.508673
1395 0.514619
1396 0.506613
1397 0.504975
1398 0.50342
1399 0.503098
1400 0.500557
1401 0.491559
1402 0.503378
1403 0.506095
1404 0.485478
1405 0.493832
1406 0.505928
1407 0.491661
1408 0.501534
1409 0.493043
1410 0.499469
1411 0.499259
1412 0.499109
1413 0.501643
1414 0.493809
1415 0.496977
1416 0.503867
1417 0.506353
1418 0.482086
1419 0.501752
1420 0.512536
1421 0.492123
1422 0.491925
1423 0.502077
1424 0.508285
1425 0.5008
1426 0.494116
1427 0.501818
1428 0.491436
1429 0.501466
1430 0.511537
1431 0.512367
1432 0.51416
1433 0.500952
1434 0.502496
1435 0.50392
1436 0.501607
1437 0.498274
1438 0.486217
1439 0.504953
1440 0.497034
1441 0.507008
1442 0.494507
1443 0.496192
1444 0.505943
1445 0.495773
1446 0.492926
1447 0.511197
1448 0.515107
1449 0.488236
1450 0.505262
1451 0.50203
1452 0.516744
1453 0.509483
1454 0.496604
1455 0.503035
1456 0.487839
1457 0.491765
1458 0.488443
1459 0.521195
1460 0.512993
1461 0.493475
1462 0.491248
1463 0.506082
1464 0.506845
1465 0.488952
1466 0.494877
1467 0.497374
1468 0.494256
1469 0.503541
1470 0.507085
1471 0.486494
1472 0.49688
1473 0.501606
1474 0.50942
1475 0.493727
1476 0.50104
1477 0.490785
1478 0.496796
1479 0.505646
1480 0.504975
1481 0.493139
1482 0.510649
1483 0.499651
1484 0.480304
1485 0.493764
1486 0.501144
1487 0.499306
1488 0.500844
1489 0.492029
1490 0.491497
1491 0.508128
1492 0.506459
1493 0.513364
1494 0.503822
1495 0.494496
1496 0.498946
1497 0.496337
1498 0.514844
1499 0.496421
1500 0.50322
1501 0.512619
1502 0.505341
1503 0.493012
1504 0.502613
1505 0.495076
1506 0.498012
1507 0.486177
1508 0.502854
1509 0.516427
1510 0.497844
1511 0.497557
1512 0.504848
1513 0.503485
1514 0.497931
1515 0.502659
1516 0.517616
1517 0.496243
1518 0.502977
1519 0.50228
1520 0.498122
1521 0.501716
1522 0.50025
1523 0.505998
1524 0.49865
1525 0.50803
1526 0.494774
1527 0.500989
1528 0.497996
1529 0.49906
1530 0.488162
1531 0.51596
1532 0.486173
1533 0.510335
1534 0.485652
1535 0.513211
1536 0.487168
1537 0.493
1538 0.499786
1539 0.497169
1540 0.492736
1541 0.489451
1542 0.492497
1543 0.494266
1544 0.504242
1545 0.510593
1546 0.506506
1547 0.499386
1548 0.50023
1549 0.497851
1550 0.494719
1551 0.510601
1552 0.501184
1553 0.503647
1554 0.498085
1555 0.502678
1556 0.502822
1557 0.505076
1558 0.498854
1559 0.50233
1560 0.508477
1561 0.478227
1562 0.499217
1563 0.503172
1564 0.48775
1565 0.511548
1566 0.504016
1567 0.508301
1568 0.497396
1569 0.495882
1570 0.490668
1571 0.495526
1572 0.494
1573 0.509634
1574 0.499241
1575 0.507781
1576 0.510255
1577 0.508233
1578 0.504394
1579 0.495198
1580 0.499283
1581 0.514059
1582 0.496819
1583 0.507486
1584 0.499715
1585 0.50569
1586 0.49646
1587 0.49078
1588 0.490932
1589 0.488155
1590 0.509987
1591 0.512956
1592 0.500686
1593 0.494173
1594 0.507119
1595 0.502805
1596 0.493035
1597 0.495243
1598 0.499247
1599 0.505934
1600 0.508942
1601 0.488786
1602 0.504297
1603 0.500497
1604 0.503214
1605 0.50044
1606 0.493016
1607 0.481549
1608 0.499528
1609 0.495168
1610 0.496038
1611 0.499322
1612 0.501183
1613 0.508554
1614 0.497917
1615 0.492119
1616 0.516719
1617 0.506073
1618 0.496554
1619 0.494442
1620 0.498528
1621 0.497573
1622 0.512986
1623 0.499682
1624 0.500955
1625 0.502607
1626 0.493769
1627 0.502387
1628 0.50415
1629 0.515248
1630 0.486512
1631 0.495569
1632 0.495652
1633 0.495944
1634 0.505211
1635 0.507116
1636 0.503679
1637 0.498692
1638 0.493853
1639 0.506682
1640 0.509254
1641 0.504299
1642 0.504403
1643 0.49727
1644 0.50521
1645 0.503439
1646 0.492172
1647 0.504124
1648 0.505921
1649 0.500836
1650 0.508957
1651 0.509194
1652 0.498948
1653 0.503377
1654 0.501975
1655 0.507367
1656 0.502818
1657 0.486808
1658 0.497815
1659 0.491166
1660 0.492739
1661 0.494984
1662 0.497537
1663 0.493698
1664 0.504853
1665 0.507161
1666 0.494668
1667 0.505819
1668 0.485745
1669 0.507542
1670 0.498826
1671 0.521113
1672 0.497038
1673 0.503208
1674 0.510233
1675 0.49819
1676 0.516302
1677 0.498725
1678 0.50915
1679 0.495414
1680 0.497673
1681 0.51472
1682 0.50892
1683 0.50037
1684 0.502818
1685 0.491675
1686 0.484175
1687 0.491601
1688 0.503103
1689 0.505747
1690 0.505765
1691 0.501597
1692 0.506281
1693 0.504136
1694 0.503427
1695 0.497898
1696 0.499934
1697 0.49371
1698 0.515464
1699 0.501743
1700 0.517406
1701 0.504762
1702 0.50973
1703 0.490772
1704 0.517443
1705 0.50393
1706 0.503966
1707 0.493049
1708 0.495118
1709 0.501774
1710 0.498548
1711 0.49987
1712 0.498763
1713 0.506248
1714 0.509938
1715 0.491978
1716 0.499504
1717 0.499926
1718 0.492312
1719 0.495897
1720 0.504541
1721 0.503542
1722 0.485554
1723 0.503087
1724 0.49473
1725 0.490273
1726 0.499962
1727 0.499185
1728 0.492794
1729 0.50344
1730 0.500265
1731 0.491771
1732 0.502224
1733 0.493561
1734 0.508113
1735 0.495172
1736 0.508587
1737 0.510979
1738 0.504614
1739 0.498568
1740 0.507712
1741 0.502975
1742 0.515648
1743 0.502456
1744 0.494835
1745 0.495017
1746 0.493355
1747 0.505107
1748 0.498938
1749 0.515096
1750 0.490044
1751 0.506933
1752 0.508203
1753 0.506117
1754 0.4961
1755 0.494364
1756 0.504575
1757 0.486327
1758 0.492092
1759 0.497838
1760 0.500426
1761 0.497944
1762 0.488642
1763 0.504821
1764 0.505956
1765 0.498153
1766 0.504834
1767 0.497711
1768 0.504525
1769 0.509803
1770 0.504508
1771 0.493926
1772 0.507887
1773 0.495003
1774 0.492889
1775 0.489144
1776 0.49677
1777 0.495431
1778 0.50866
1779 0.49668
1780 0.498409
1781 0.480324
1782 0.495099
1783 0.497182
1784 0.505441
1785 0.494013
1786 0.506725
1787 0.502246
1788 0.493469
1789 0.503199
1790 0.504358
1791 0.505362
1792 0.50444
1793 0.509946
1794 0.492789
1795 0.515945
1796 0.500012
1797 0.505315
1798 0.502434
1799 0.505183
1800 0.490806
1801 0.496741
1802 0.500098
1803 0.503527
1804 0.493186
1805 0.498057
1806 0.508556
1807 0.508864
1808 0.497271
1809 0.499638
1810 0.506623
1811 0.512298
1812 0.505984
1813 0.491488
1814 0.491971
1815 0.498947
1816 0.499091
1817 0.507933
1818 0.485195
1819 0.50737
1820 0.495372
1821 0.49371
1822 0.498903
1823 0.496681
1824 0.493835
1825 0.487804
1826 0.505414
1827 0.498517
1828 0.497535
1829 0.490923
1830 0.509479
1831 0.505874
1832 0.500383
1833 0.504671
1834 0.500726
1835 0.508589
1836 0.504621
1837 0.500166
1838 0.495508
1839 0.492904
1840 0.499365
1841 0.505268
1842 0.510318
1843 0.494429
1844 0.499814
1845 0.498701
1846 0.498274
1847 0.500413
1848 0.485833
1849 0.500091
1850 0.493554
1851 0.509241
1852 0.50464
1853 0.506103
1854 0.494987
1855 0.493113
1856 0.50168
1857 0.490031
1858 0.503114
1859 0.495798
1860 0.495832
1861 0.498206
1862 0.493801
1863 0.497878
1864 0.503211
1865 0.491177
1866 0.503931
1867 0.489532
1868 0.496417
1869 0.50046
1870 0.507154
1871 0.50283
1872 0.499656
1873 0.501318
1874 0.494171
1875 0.497046
1876 0.500563
1877 0.499127
1878 0.504257
1879 0.508212
1880 0.4863
1881 0.504029
1882 0.489755
1883 0.491723
1884 0.495594
1885 0.496518
1886 0.489312
1887 0.498891
1888 0.498922
1889 0.50027
1890 0.496593
1891 0.505991
1892 0.509974
1893 0.501713
1894 0.499722
1895 0.503057
1896 0.499271
1897 0.497547
1898 0.506257
1899 0.512771
1900 0.508976
1901 0.510472
1902 0.497894
1903 0.503031
1904 0.496101
1905 0.501463
1906 0.50523
1907 0.496992
1908 0.496685
1909 0.503178
1910 0.493374
1911 0.497321
1912 0.505968
1913 0.493947
1914 0.493736
1915 0.497925
1916 0.508386
1917 0.502652
1918 0.500496
1919 0.509748
1920 0.499273
1921 0.502751
1922 0.496571
1923 0.500991
1924 0.501467
1925 0.487338
1926 0.502796
1927 0.498998
1928 0.496579
1929 0.498477
1930 0.51409
1931 0.50327
1932 0.498497
1933 0.500801
1934 0.4999
1935 0.489987
1936 0.511337
1937 0.504762
1938 0.505866
1939 0.505991
1940 0.509904
1941 0.492303
1942 0.49222
1943 0.492876
1944 0.506502
1945 0.496868
1946 0.498431
1947 0.5016
1948 0.495402
1949 0.49299
1950 0.502681
1951 0.489898
1952 0.509648
1953 0.491595
1954 0.497232
1955 0.497899
1956 0.510007
1957 0.489479
1958 0.503626
1959 0.498161
1960 0.510847
1961 0.502076
1962 0.505312
1963 0.502081
1964 0.496074
1965 0.482482
1966 0.500035
1967 0.486909
1968 0.495227
1969 0.492848
1970 0.501945
1971 0.496369
1972 0.498623
1973 0.498474
1974 0.497741
1975 0.508527
1976 0.499766
1977 0.511396
1978 0.507488
1979 0.500766
1980 0.502891
1981 0.500094
1982 0.49431
1983 0.499496
1984 0.495757
1985 0.501192
1986 0.494261
1987 0.496305
1988 0.503852
1989 0.504116
1990 0.498513
1991 0.497771
1992 0.497465
1993 0.508179
1994 0.513359
1995 0.497089
1996 0.508874
1997 0.496057
1998 0.502423
1999 0.504009
2000 0.500424
2001 0.509856
2002 0.49774
2003 0.496676
2004 0.494886
2005 0.497543
2006 0.500884
2007 0.502543
2008 0.501975
2009 0.501567
2010 0.497271
2011 0.504084
2012 0.508432
2013 0.506844
2014 0.505286
2015 0.506204
2016 0.503195
2017 0.493206
2018 0.502929
2019 0.506599
2020 0.493852
2021 0.507166
2022 0.496226
2023 0.495436
2024 0.512341
2025 0.497571
2026 0.492564
2027 0.494371
2028 0.512609
2029 0.504505
2030 0.502895
2031 0.500626
2032 0.493264
2033 0.505159
2034 0.50283
2035 0.50223
2036 0.494526
2037 0.498758
2038 0.509049
2039 0.504463
2040 0.506826
2041 0.49783
2042 0.502198
2043 0.504379
2044 0.486277
2045 0.50452
2046 0.493327
2047 0.491548
2048 0.498848
2049 0.499927
2050 0.496631
2051 0.49949
2052 0.498268
2053 0.496762
2054 0.504745
2055 0.49523
2056 0.496773
2057 0.496319
2058 0.506084
2059 0.506756
2060 0.490142
2061 0.503509
2062 0.496874
2063 0.503603
2064 0.504286
2065 0.509421
2066 0.497304
2067 0.508221
2068 0.494484
2069 0.493065
2070 0.500987
2071 0.502359
2072 0.499534
2073 0.497002
2074 0.496983
2075 0.509071
2076 0.506097
2077 0.496257
2078 0.497236
2079 0.501617
2080 0.503183
2081 0.497908
2082 0.494879
2083 0.502078
2084 0.492836
2085 0.500944
2086 0.495248
2087 0.494908
2088 0.491319
2089 0.497815
2090 0.497766
2091 0.501385
2092 0.492849
2093 0.494791
2094 0.502589
2095 0.495296
2096 0.504277
2097 0.495881
2098 0.497036
2099 0.503489
2100 0.504646
2101 0.494202
2102 0.503259
2103 0.49089
2104 0.503665
2105 0.507082
2106 0.486874
2107 0.504083
2108 0.49636
2109 0.508614
2110 0.496993
2111 0.508521
2112 0.504671
2113 0.493472
2114 0.501872
2115 0.50473
2116 0.50127
2117 0.495219
2118 0.494968
2119 0.501279
2120 0.50578
2121 0.504418
2122 0.507675
2123 0.501113
2124 0.503239
2125 0.495267
2126 0.511531
2127 0.499928
2128 0.507422
2129 0.503386
2130 0.502907
2131 0.496464
2132 0.496957
2133 0.493812
2134 0.505439
2135 0.500232
2136 0.507324
2137 0.501979
2138 0.508321
2139 0.483969
2140 0.498695
2141 0.500741
2142 0.503386
2143 0.488538
2144 0.503503
2145 0.497858
2146 0.507365
2147 0.506502
2148 0.494543
2149 0.49885
2150 0.503069
2151 0.493176
2152 0.506158
2153 0.492593
2154 0.497957
2155 0.497573
2156 0.49962
2157 0.503583
2158 0.50044
2159 0.499971
2160 0.505422
2161 0.489866
2162 0.504108
2163 0.484499
2164 0.484111
2165 0.500045
2166 0.503213
2167 0.500376
2168 0.501503
2169 0.495722
2170 0.508827
2171 0.495648
2172 0.496705
2173 0.49699
2174 0.503449
2175 0.504497
2176 0.498864
2177 0.493776
2178 0.49888
2179 0.489233
2180 0.502761
2181 0.490119
2182 0.509635
2183 0.497673
2184 0.493046
2185 0.505837
2186 0.498291
2187 0.494099
2188 0.491269
2189 0.512991
2190 0.497832
2191 0.501727
2192 0.490262
2193 0.503707
2194 0.504276
2195 0.4926
2196 0.502033
2197 0.504261
2198 0.503227
2199 0.488433
2200 0.510557
2201 0.508652
2202 0.500536
2203 0.499049
2204 0.499484
2205 0.494843
2206 0.503442
2207 0.501822
2208 0.496801
2209 0.489775
2210 0.496446
2211 0.507462
2212 0.50456
2213 0.505217
2214 0.500253
2215 0.508415
2216 0.487255
2217 0.505774
2218 0.496741
2219 0.511674
2220 0.500672
2221 0.50187
2222 0.508495
2223 0.514612
2224 0.496639
2225 0.492385
2226 0.516154
2227 0.505703
2228 0.511451
2229 0.500542
2230 0.500199
2231 0.504808
2232 0.497751
2233 0.507423
2234 0.493498
2235 0.504522
2236 0.496308
2237 0.499133
2238 0.493481
2239 0.500387
2240 0.493983
2241 0.501107
2242 0.508227
2243 0.501355
2244 0.502862
2245 0.493744
2246 0.488424
2247 0.508182
2248 0.498548
2249 0.507243
2250 0.490313
2251 0.496766
2252 0.483608
2253 0.49894
2254 0.503562
2255 0.500983
2256 0.502357
2257 0.497693
2258 0.490464
2259 0.494776
2260 0.497927
2261 0.510467
2262 0.504738
2263 0.505097
2264 0.499167
2265 0.502297
2266 0.50378
2267 0.492136
2268 0.502189
2269 0.505635
2270 0.500799
2271 0.500748
2272 0.503107
2273 0.504339
2274 0.490935
2275 0.498107
2276 0.504967
2277 0.515065
2278 0.501086
2279 0.509256
2280 0.492168
2281 0.489571
2282 0.490053
2283 0.507829
2284 0.504202
2285 0.496031
2286 0.505317
2287 0.509535
2288 0.507209
2289 0.506807
2290 0.512779
2291 0.498594
2292 0.509272
2293 0.496361
2294 0.494837
2295 0.493572
2296 0.493464
2297 0.499737
2298 0.507722
2299 0.506635
2300 0.505267
2301 0.504614
2302 0.50732
2303 0.501809
2304 0.49456
2305 0.500491
2306 0.508314
2307 0.502964
2308 0.496564
2309 0.493459
2310 0.493479
2311 0.496041
2312 0.50163
2313 0.496836
2314 0.490225
2315 0.499636
2316 0.509711
2317 0.495592
2318 0.504864
2319 0.509304
2320 0.501642
2321 0.508452
2322 0.498462
2323 0.488976
2324 0.498484
2325 0.512378
2326 0.508167
2327 0.494841
2328 0.502452
2329 0.509278
2330 0.494214
2331 0.506588
2332 0.492863
2333 0.508943
2334 0.501604
2335 0.505941
2336 0.502521
2337 0.5028
2338 0.504682
2339 0.488632
2340 0.501382
2341 0.493997
2342 0.500267
2343 0.505851
2344 0.501071
2345 0.499734
2346 0.507756
2347 0.501932
2348 0.482727
2349 0.50777
2350 0.500331
2351 0.494604
2352 0.505456
2353 0.502941
2354 0.489321
2355 0.493033
2356 0.492993
2357 0.496649
2358 0.506774
2359 0.500791
2360 0.502935
2361 0.498167
2362 0.502372
2363 0.505314
2364 0.495604
2365 0.49746
2366 0.498941
2367 0.506443
2368 0.504377
2369 0.505861
2370 0.486038
2371 0.497824
2372 0.505733
2373 0.496565
2374 0.511822
2375 0.505313
2376 0.501943
2377 0.501703
2378 0.503322
2379 0.493086
2380 0.498422
2381 0.497138
2382 0.489572
2383 0.497098
2384 0.486665
2385 0.488342
2386 0.497979
2387 0.490672
2388 0.500676
2389 0.493713
2390 0.506043
2391 0.50485
2392 0.499903
2393 0.500137
2394 0.497729
2395 0.502126
2396 0.504505
2397 0.502271
2398 0.503066
2399 0.500483
2400 0.501412
2401 0.504482
2402 0.485088
2403 0.502451
2404 0.48991
2405 0.49363
2406 0.499216
2407 0.488355
2408 0.503187
2409 0.506314
2410 0.501595
2411 0.501698
2412 0.491537
2413 0.501948
2414 0.487519
2415 0.485982
2416 0.49881
2417 0.50135
2418 0.4999
2419 0.493609
2420 0.493619
2421 0.498246
2422 0.489841
2423 0.494776
2424 0.493036
2425 0.506651
2426 0.484448
2427 0.497911
2428 0.498075
2429 0.497919
2430 0.504035
2431 0.499146
2432 0.491243
2433 0.493435
2434 0.497611
2435 0.496837
2436 0.504317
2437 0.495675
2438 0.498307
2439 0.506476
2440 0.498933
2441 0.501749
2442 0.49547
2443 0.512589
2444 0.501625
2445 0.505993
2446 0.49733
2447 0.494539
2448 0.498022
2449 0.498681
2450 0.50088
2451 0.499526
2452 0.497714
2453 0.506124
2454 0.502807
2455 0.499706
2456 0.502585
2457 0.491781
2458 0.499311
2459 0.496634
2460 0.500512
2461 0.504211
2462 0.496399
2463 0.504896
2464 0.500045
2465 0.495431
2466 0.503654
2467 0.497186
2468 0.498788
2469 0.508242
2470 0.498734
2471 0.490544
2472 0.49463
2473 0.501649
2474 0.496653
2475 0.493385
2476 0.497631
2477 0.502995
2478 0.489041
2479 0.498198
2480 0.492292
2481 0.486431
2482 0.498498
2483 0.498449
2484 0.495032
2485 0.507016
2486 0.506792
2487 0.496278
2488 0.4961
2489 0.500631
2490 0.49198
2491 0.501082
2492 0.497007
2493 0.501094
2494 0.498477
2495 0.500754
2496 0.496535
2497 0.500372
2498 0.49689
2499 0.494575
2500 0.508049
2501 0.5024
2502 0.50323
2503 0.49388
2504 0.507335
2505 0.501151
2506 0.49677
2507 0.498355
2508 0.505473
2509 0.503864
2510 0.511337
2511 0.502979
2512 0.493107
2513 0.494232
2514 0.506005
2515 0.509948
2516 0.497935
2517 0.504743
2518 0.502888
2519 0.502603
2520 0.494688
2521 0.502807
2522 0.509263
2523 0.494547
2524 0.498495
2525 0.501718
2526 0.496916
2527 0.500633
2528 0.495455
2529 0.501441
2530 0.497377
2531 0.502826
2532 0.496271
2533 0.498496
2534 0.499533
2535 0.497868
2536 0.504383
2537 0.486625
2538 0.491801
2539 0.490251
2540 0.4974
2541 0.49795
2542 0.506942
2543 0.505829
2544 0.50441
2545 0.501414
2546 0.497304
2547 0.500666
2548 0.503969
2549 0.496102
2550 0.497408
2551 0.492411
2552 0.498373
2553 0.506701
2554 0.487302
2555 0.501384
2556 0.505946
2557 0.501251
2558 0.49708
2559 0.505095
2560 0.505042
2561 0.502606
2562 0.496735
2563 0.502255
2564 0.500858
2565 0.501088
2566 0.503736
2567 0.494147
2568 0.498287
2569 0.501848
2570 0.499554
2571 0.50413
2572 0.499627
2573 0.500032
2574 0.512777
2575 0.503369
2576 0.499397
2577 0.490723
2578 0.504083
2579 0.502159
2580 0.49984
2581 0.501496
2582 0.493685
2583 0.491372
2584 0.50051
2585 0.500476
2586 0.511446
2587 0.502307
2588 0.501566
2589 0.497922
2590 0.498927
2591 0.496863
2592 0.497324
2593 0.500722
2594 0.499748
2595 0.509819
2596 0.493049
2597 0.495851
2598 0.497348
2599 0.49869
2600 0.496709
2601 0.497271
2602 0.502176
2603 0.504851
2604 0.496829
2605 0.493889
2606 0.51759
2607 0.504545
2608 0.507531
2609 0.501943
2610 0.506299
2611 0.503296
2612 0.497089
2613 0.499534
2614 0.497808
2615 0.497172
2616 0.504578
2617 0.512057
2618 0.504887
2619 0.500267
2620 0.507549
2621 0.498178
2622 0.504451
2623 0.495551
2624 0.500598
2625 0.500636
2626 0.505986
2627 0.512488
2628 0.503801
2629 0.503942
2630 0.513228
2631 0.501977
2632 0.496713
2633 0.493442
2634 0.502848
2635 0.501813
2636 0.500316
2637 0.491974
2638 0.497844
2639 0.493419
2640 0.499386
2641 0.494793
2642 0.50904
2643 0.510087
2644 0.499955
2645 0.498717
2646 0.511823
2647 0.494675
2648 0.494348
2649 0.503004
2650 0.496178
2651 0.498013
2652 0.499042
2653 0.502316
2654 0.499252
2655 0.501145
2656 0.500565
2657 0.499231
2658 0.493348
2659 0.499342
2660 0.503168
2661 0.508178
2662 0.497674
2663 0.492751
2664 0.503187
2665 0.507071
2666 0.496231
2667 0.490014
2668 0.496843
2669 0.491854
2670 0.505017
2671 0.50781
2672 0.496028
2673 0.50207
2674 0.505758
2675 0.491903
2676 0.497247
2677 0.501036
2678 0.509677
2679 0.502867
2680 0.50124
2681 0.493108
2682 0.50463
2683 0.498887
2684 0.508784
2685 0.497585
2686 0.492664
2687 0.5019
2688 0.506848
2689 0.495745
2690 0.501369
2691 0.494825
2692 0.495029
2693 0.501461
2694 0.50019
2695 0.495865
2696 0.504644
2697 0.496527
2698 0.499916
2699 0.499384
2700 0.507777
2701 0.504884
2702 0.508936
2703 0.496648
2704 0.49445
2705 0.498283
2706 0.501673
2707 0.500293
2708 0.502779
2709 0.496568
2710 0.501377
2711 0.497443
2712 0.504878
2713 0.500507
2714 0.505607
2715 0.487621
2716 0.492872
2717 0.493634
2718 0.505448
2719 0.494995
2720 0.499086
2721 0.502186
2722 0.49175
2723 0.506889
2724 0.498119
2725 0.501947
2726 0.501986
2727 0.505856
2728 0.495896
2729 0.501496
2730 0.492897
2731 0.505476
2732 0.484831
2733 0.495083
2734 0.490264
2735 0.503252
2736 0.50323
2737 0.491615
2738 0.496962
2739 0.490662
2740 0.502276
2741 0.501138
2742 0.500702
2743 0.494746
2744 0.492735
2745 0.498371
2746 0.50745
2747 0.502345
2748 0.496256
2749 0.496006
2750 0.497803
2751 0.498033
2752 0.496323
2753 0.501917
2754 0.505763
2755 0.48702
2756 0.497424
2757 0.50052
2758 0.505014
2759 0.491571
2760 0.504433
2761 0.498163
2762 0.498852
2763 0.500211
2764 0.488741
2765 0.497544
2766 0.497792
2767 0.497091
2768 0.508538
2769 0.499477
2770 0.49809
2771 0.49781
2772 0.506527
2773 0.501426
2774 0.511284
2775 0.510852
2776 0.503177
2777 0.503749
2778 0.505513
2779 0.494827
2780 0.498488
2781 0.496869
2782 0.497958
2783 0.494826
2784 0.498474
2785 0.504714
2786 0.499011
2787 0.497899
2788 0.505161
2789 0.505835
2790 0.497191
2791 0.494992
2792 0.499899
2793 0.496532
2794 0.493686
2795 0.498117
2796 0.504189
2797 0.505369
2798 0.488313
2799 0.502348
2800 0.493287
2801 0.499129
2802 0.496918
2803 0.506623
2804 0.50444
2805 0.497487
2806 0.502631
2807 0.497605
2808 0.508272
2809 0.501674
2810 0.506461
2811 0.50696
2812 0.499695
2813 0.506703
2814 0.505439
2815 0.486614
2816 0.502248
2817 0.495717
2818 0.514216
2819 0.498026
2820 0.503661
2821 0.499174
2822 0.511267
2823 0.487556
2824 0.494931
2825 0.502735
2826 0.496815
2827 0.493844
2828 0.498553
2829 0.490662
2830 0.484021
2831 0.500141
2832 0.502937
2833 0.508957
2834 0.509038
2835 0.502244
2836 0.504775
2837 0.502604
2838 0.491013
2839 0.49355
2840 0.498002
2841 0.498745
2842 0.50949
2843 0.492487
2844 0.514304
2845 0.498291
2846 0.503052
2847 0.503021
2848 0.494208
2849 0.499976
2850 0.500762
2851 0.507943
2852 0.48674
2853 0.498917
2854 0.504848
2855 0.507177
2856 0.500195
2857 0.50289
2858 0.501323
2859 0.504402
2860 0.503735
2861 0.503472
2862 0.501819
2863 0.499005
2864 0.507134
2865 0.501067
2866 0.50039
2867 0.503906
2868 0.503422
2869 0.51159
2870 0.501093
2871 0.500143
2872 0.494104
2873 0.502287
2874 0.495795
2875 0.49992
2876 0.498896
2877 0.497537
2878 0.501242
2879 0.508487
2880 0.498119
2881 0.50847
2882 0.504205
2883 0.499596
2884 0.497097
2885 0.496976
2886 0.505363
2887 0.506212
2888 0.50313
2889 0.494831
2890 0.500383
2891 0.492473
2892 0.50383
2893 0.49849
2894 0.495494
2895 0.501423
2896 0.501387
2897 0.499209
2898 0.506989
2899 0.501328
2900 0.502739
2901 0.510319
2902 0.497844
2903 0.50303
2904 0.498482
2905 0.504242
2906 0.502459
2907 0.494732
2908 0.494594
2909 0.493303
2910 0.493554
2911 0.502654
2912 0.504968
2913 0.500675
2914 0.500989
2915 0.501393
2916 0.493866
2917 0.511031
2918 0.501207
2919 0.495816
2920 0.496582
2921 0.502478
2922 0.497221
2923 0.500295
2924 0.507617
2925 0.496493
2926 0.493899
2927 0.494272
2928 0.488176
2929 0.495909
2930 0.510848
2931 0.498573
2932 0.503921
2933 0.497188
2934 0.501409
2935 0.49078
2936 0.496318
2937 0.500546
2938 0.498995
2939 0.508956
2940 0.504971
2941 0.497834
2942 0.497616
2943 0.489786
2944 0.489791
2945 0.505869
2946 0.486749
2947 0.500649
2948 0.504161
2949 0.494598
2950 0.500442
2951 0.494866
2952 0.502469
2953 0.511511
2954 0.503127
2955 0.506257
2956 0.495899
2957 0.494312
2958 0.502507
2959 0.494421
2960 0.487848
2961 0.506755
2962 0.511128
2963 0.506593
2964 0.498509
2965 0.5098
2966 0.491782
2967 0.492159
2968 0.500138
2969 0.503814
2970 0.497613
2971 0.488714
2972 0.501331
2973 0.496642
2974 0.499282
2975 0.500084
2976 0.498876
2977 0.497526
2978 0.500981
2979 0.502041
2980 0.497625
2981 0.492447
2982 0.505419
2983 0.492351
2984 0.502526
2985 0.510457
2986 0.50743
2987 0.488101
2988 0.503944
2989 0.494969
2990 0.500626
2991 0.498394
2992 0.503837
2993 0.492921
2994 0.497908
2995 0.496357
2996 0.49622
2997 0.491323
2998 0.505032
2999 0.500291
3000 0.502388
3001 0.503322
3002 0.500808
3003 0.498591
3004 0.503933
3005 0.4952
3006 0.511123
3007 0.495988
3008 0.494573
3009 0.493609
3010 0.496672
3011 0.501347
3012 0.485883
3013 0.493452
3014 0.49444
3015 0.500388
3016 0.502882
3017 0.496263
3018 0.503501
3019 0.505329
3020 0.498963
3021 0.500802
3022 0.501679
3023 0.493935
3024 0.498573
3025 0.503759
3026 0.496062
3027 0.500905
3028 0.509202
3029 0.501235
3030 0.494843
3031 0.500152
3032 0.503974
3033 0.499434
3034 0.49306
3035 0.503084
3036 0.504977
3037 0.501717
3038 0.498449
3039 0.496822
3040 0.494773
3041 0.501746
3042 0.498907
3043 0.495366
3044 0.501499
3045 0.500526
3046 0.507954
3047 0.507427
3048 0.502332
3049 0.503334
3050 0.498267
3051 0.501319
3052 0.505686
3053 0.507002
3054 0.500143
3055 0.506723
3056 0.507358
3057 0.501118
3058 0.50385
3059 0.50086
3060 0.507537
3061 0.49795
3062 0.504939
3063 0.498547
3064 0.500778
3065 0.503395
3066 0.496865
3067 0.499882
3068 0.496071
3069 0.496461
3070 0.496661
3071 0.500212
3072 0.507664
3073 0.490384
3074 0.503584
3075 0.508458
3076 0.49585
3077 0.503379
3078 0.502927
3079 0.503671
3080 0.494891
3081 0.499054
3082 0.494304
3083 0.510537
3084 0.502675
3085 0.49608
3086 0.500783
3087 0.500326
3088 0.497675
3089 0.494844
3090 0.494171
3091 0.490744
3092 0.501589
3093 0.500262
3094 0.497663
3095 0.500692
3096 0.502878
3097 0.500295
3098 0.498032
3099 0.488703
3100 0.497971
3101 0.501566
3102 0.504033
3103 0.496545
3104 0.496803
3105 0.496747
3106 0.498004
3107 0.490593
3108 0.498864
3109 0.500129
3110 0.510106
3111 0.50294
3112 0.506798
3113 0.498826
3114 0.498252
3115 0.491495
3116 0.496809
3117 0.495545
3118 0.506006
3119 0.497894
3120 0.492277
3121 0.498759
3122 0.499295
3123 0.497233
3124 0.491924
3125 0.50621
3126 0.500818
3127 0.499859
3128 0.505498
3129 0.508725
3130 0.498858
3131 0.49662
3132 0.495519
3133 0.496319
3134 0.501187
3135 0.506124
3136 0.492771
3137 0.491962
3138 0.491654
3139 0.500409
3140 0.49945
3141 0.509741
3142 0.504497
3143 0.493309
3144 0.504878
3145 0.499759
3146 0.496383
3147 0.502731
3148 0.502296
3149 0.496758
3150 0.491343
3151 0.498923
3152 0.50554
3153 0.4984
3154 0.509406
3155 0.505189
3156 0.503859
3157 0.503556
3158 0.503417
3159 0.494425
3160 0.495604
3161 0.504967
3162 0.504742
3163 0.493941
3164 0.498058
3165 0.49516
3166 0.492278
3167 0.502604
3168 0.503964
3169 0.500446
3170 0.508411
3171 0.497119
3172 0.500492
3173 0.495457
3174 0.510514
3175 0.493363
3176 0.50589
3177 0.50546
3178 0.50323
3179 0.499976
3180 0.500154
3181 0.49737
3182 0.510548
3183 0.502304
3184 0.503492
3185 0.5059
3186 0.506217
3187 0.506637
3188 0.499585
3189 0.499622
3190 0.506378
3191 0.495192
3192 0.50477
3193 0.501117
3194 0.490442
3195 0.497465
3196 0.495509
3197 0.506227
3198 0.494647
3199 0.505176
3200 0.50152
3201 0.49785
3202 0.496037
3203 0.499165
3204 0.501597
3205 0.496169
3206 0.495365
3207 0.505507
3208 0.502583
3209 0.497344
3210 0.502501
3211 0.506728
3212 0.500331
3213 0.498398
3214 0.496605
3215 0.507759
3216 0.498369
3217 0.49889
3218 0.500195
3219 0.49961
3220 0.500248
3221 0.505095
3222 0.497128
3223 0.504729
3224 0.506974
3225 0.50069
3226 0.503753
3227 0.500043
3228 0.50233
3229 0.503155
3230 0.496546
3231 0.508404
3232 0.502108
3233 0.494032
3234 0.505413
3235 0.505509
3236 0.49797
3237 0.495623
3238 0.493829
3239 0.497609
3240 0.505964
3241 0.507399
3242 0.497086
3243 0.49648
3244 0.502955
3245 0.496007
3246 0.509841
3247 0.495418
3248 0.498443
3249 0.504398
3250 0.494588
3251 0.507845
3252 0.494808
3253 0.501106
3254 0.501277
3255 0.500514
3256 0.501542
3257 0.504416
3258 0.499857
3259 0.504436
3260 0.5043
3261 0.49832
3262 0.500574
3263 0.498162
3264 0.490303
3265 0.496264
3266 0.505006
3267 0.504706
3268 0.499163
3269 0.502762
3270 0.500063
3271 0.494146
3272 0.500312
3273 0.502047
3274 0.507051
3275 0.502343
3276 0.503358
3277 0.498048
3278 0.506013
3279 0.497101
3280 0.507818
3281 0.502908
3282 0.500139
3283 0.492468
3284 0.496049
3285 0.492701
3286 0.503476
3287 0.498987
3288 0.497491
3289 0.493092
3290 0.507613
3291 0.50308
3292 0.49814
3293 0.495507
3294 0.490306
3295 0.4958
3296 0.500308
3297 0.498924
3298 0.511063
3299 0.503568
3300 0.491979
3301 0.4999
3302 0.491077
3303 0.502302
3304 0.498039
3305 0.495896
3306 0.50248
3307 0.502283
3308 0.493734
3309 0.504269
3310 0.496218
3311 0.505823
3312 0.503198
3313 0.489335
3314 0.503028
3315 0.502358
3316 0.496651
3317 0.503304
3318 0.497048
3319 0.484561
3320 0.494656
3321 0.496599
3322 0.502938
3323 0.510053
3324 0.502096
3325 0.501172
3326 0.496949
3327 0.500551
3328 0.504984
3329 0.495272
3330 0.498021
3331 0.497714
3332 0.499813
3333 0.497885
3334 0.50314
3335 0.500678
3336 0.501477
3337 0.499618
3338 0.509517
3339 0.496822
3340 0.502919
3341 0.507994
3342 0.50378
3343 0.501325
3344 0.501991
3345 0.498787
3346 0.496228
3347 0.490824
3348 0.496916
3349 0.502702
3350 0.497095
3351 0.489699
3352 0.504474
3353 0.512169
3354 0.490393
3355 0.494182
3356 0.499393
3357 0.500836
3358 0.507802
3359 0.492586
3360 0.503931
3361 0.491086
3362 0.496069
3363 0.501388
3364 0.498485
3365 0.506552
3366 0.502368
3367 0.495728
3368 0.495015
3369 0.497977
3370 0.504017
3371 0.499524
3372 0.494395
3373 0.507775
3374 0.496824
3375 0.493103
3376 0.501304
3377 0.50844
3378 0.503251
3379 0.496905
3380 0.505988
3381 0.505052
3382 0.492494
3383 0.506455
3384 0.494514
3385 0.49531
3386 0.500481
3387 0.506652
3388 0.492089
3389 0.498173
3390 0.504855
3391 0.512264
3392 0.511089
3393 0.499421
3394 0.498172
3395 0.494886
3396 0.499764
3397 0.514432
3398 0.495092
3399 0.495301
3400 0.507063
3401 0.504583
3402 0.503948
3403 0.499252
3404 0.499545
3405 0.497934
3406 0.497901
3407 0.501303
3408 0.506406
3409 0.502929
3410 0.493114
3411 0.500536
3412 0.487085
3413 0.497846
3414 0.504116
3415 0.507615
3416 0.490351
3417 0.502728
3418 0.498607
3419 0.499335
3420 0.500967
3421 0.505858
3422 0.505086
3423 0.496673
3424 0.5036
3425 0.501103
3426 0.487713
3427 0.502523
3428 0.49995
3429 0.505095
3430 0.503999
3431 0.49285
3432 0.499103
3433 0.497553
3434 0.494879
3435 0.500223
3436 0.502472
3437 0.495562
3438 0.507726
3439 0.508784
3440 0.489329
3441 0.504599
3442 0.503414
3443 0.499253
3444 0.492575
3445 0.494489
3446 0.500595
3447 0.500664
3448 0.503651
3449 0.489635
3450 0.501619
3451 0.511739
3452 0.51059
3453 0.500267
3454 0.508551
3455 0.50025
3456 0.501159
3457 0.496604
3458 0.499062
3459 0.498161
3460 0.499563
3461 0.499325
3462 0.50174
3463 0.49779
3464 0.488756
3465 0.494881
3466 0.497056
3467 0.499655
3468 0.484125
3469 0.503325
3470 0.499223
3471 0.499444
3472 0.504294
3473 0.497854
3474 0.501729
3475 0.503477
3476 0.503765
3477 0.503018
3478 0.493334
3479 0.495695
3480 0.493787
3481 0.50882
3482 0.49062
3483 0.499949
3484 0.501909
3485 0.498605
3486 0.495208
3487 0.50948
3488 0.499227
3489 0.495782
3490 0.503922
3491 0.498554
3492 0.494942
3493 0.501391
3494 0.500856
3495 0.500727
3496 0.500695
3497 0.501274
3498 0.494819
3499 0.510979
3500 0.502783
3501 0.497505
3502 0.50081
3503 0.502426
3504 0.498749
3505 0.498131
3506 0.499416
3507 0.497028
3508 0.497648
3509 0.492725
3510 0.489332
3511 0.503388
3512 0.493402
3513 0.50219
3514 0.500538
3515 0.505608
3516 0.499542
3517 0.497273
3518 0.502976
3519 0.493953
3520 0.503005
3521 0.501968
3522 0.496436
3523 0.500004
3524 0.492966
3525 0.496204
3526 0.49578
3527 0.496085
3528 0.495609
3529 0.496801
3530 0.497237
3531 0.50908
3532 0.494756
3533 0.506343
3534 0.504694
3535 0.506702
3536 0.508232
3537 0.490702
3538 0.506689
3539 0.491572
3540 0.499902
3541 0.505308
3542 0.491366
3543 0.497563
3544 0.50751
3545 0.492013
3546 0.497613
3547 0.494581
3548 0.497889
3549 0.504395
3550 0.504129
3551 0.498411
3552 0.508189
3553 0.498711
3554 0.501491
3555 0.496051
3556 0.502957
3557 0.495935
3558 0.495482
3559 0.498957
3560 0.497804
3561 0.494048
3562 0.491968
3563 0.499129
3564 0.496376
3565 0.499171
3566 0.497111
3567 0.500061
3568 0.491327
3569 0.505139
3570 0.498388
3571 0.500568
3572 0.505926
3573 0.502939
3574 0.499028
3575 0.498506
3576 0.498732
3577 0.496381
3578 0.505546
3579 0.498587
3580 0.507687
3581 0.49752
3582 0.49617
3583 0.4961
3584 0.496578
3585 0.503903
3586 0.502781
3587 0.499762
3588 0.500824
3589 0.495898
3590 0.496761
3591 0.500326
3592 0.509469
3593 0.496919
3594 0.495521
3595 0.498743
3596 0.500367
3597 0.504525
3598 0.496713
3599 0.501285
3600 0.500798
3601 0.49964
3602 0.499912
3603 0.498049
3604 0.502117
3605 0.498795
3606 0.500892
3607 0.503742
3608 0.489683
3609 0.506992
3610 0.490044
3611 0.502084
3612 0.503112
3613 0.493007
3614 0.497403
3615 0.499657
3616 0.491977
3617 0.500352
3618 0.49479
3619 0.506826
3620 0.506556
3621 0.502255
3622 0.502801
3623 0.490357
3624 0.496704
3625 0.496562
3626 0.505014
3627 0.504521
3628 0.497577
3629 0.51226
3630 0.498589
3631 0.500654
3632 0.50049
3633 0.503118
3634 0.498614
3635 0.496608
3636 0.48615
3637 0.500294
3638 0.506584
3639 0.499546
3640 0.487579
3641 0.505488
3642 0.50209
3643 0.500038
3644 0.502882
3645 0.501409
3646 0.501798
3647 0.51117
3648 0.499249
3649 0.503072
3650 0.499439
3651 0.498238
3652 0.488068
3653 0.510265
3654 0.502506
3655 0.504068
3656 0.502971
3657 0.50393
3658 0.496119
3659 0.492277
3660 0.502509
3661 0.496297
3662 0.505657
3663 0.495157
3664 0.51272
3665 0.505385
3666 0.501159
3667 0.503383
3668 0.489921
3669 0.498821
3670 0.499099
3671 0.501243
3672 0.501996
3673 0.50027
3674 0.502806
3675 0.501885
3676 0.500423
3677 0.497201
3678 0.506323
3679 0.502289
3680 0.49797
3681 0.499803
3682 0.497998
3683 0.508306
3684 0.494805
3685 0.504189
3686 0.504543
3687 0.499641
3688 0.503401
3689 0.495919
3690 0.494507
3691 0.500802
3692 0.50112
3693 0.499073
3694 0.497577
3695 0.496267
3696 0.498842
3697 0.502457
3698 0.506128
3699 0.501561
3700 0.496903
3701 0.499336
3702 0.499686
3703 0.497532
3704 0.495868
3705 0.498783
3706 0.497671
3707 0.492637
3708 0.496152
3709 0.500959
3710 0.503469
3711 0.49955
3712 0.498787
3713 0.500354
3714 0.491742
3715 0.496107
3716 0.507243
3717 0.504129
3718 0.503192
3719 0.492781
3720 0.503083
3721 0.499881
3722 0.492206
3723 0.507149
3724 0.505055
3725 0.504252
3726 0.501207
3727 0.505423
3728 0.501206
3729 0.503081
3730 0.494779
3731 0.502095
3732 0.501091
3733 0.499022
3734 0.497304
3735 0.50284
3736 0.502622
3737 0.499836
3738 0.497618
3739 0.496393
3740 0.499553
3741 0.501579
3742 0.505407
3743 0.494948
3744 0.498829
3745 0.501931
3746 0.495076
3747 0.504491
3748 0.502984
3749 0.502105
3750 0.498904
3751 0.507907
3752 0.500728
3753 0.49975
3754 0.497098
3755 0.506599
3756 0.497867
3757 0.498485
3758 0.511812
3759 0.505341
3760 0.500518
3761 0.50149
3762 0.498973
3763 0.508787
3764 0.500389
3765 0.495229
3766 0.508069
3767 0.500305
3768 0.500189
3769 0.50123
3770 0.500519
3771 0.489129
3772 0.504804
3773 0.50191
3774 0.499139
3775 0.497161
3776 0.504468
3777 0.499565
3778 0.491812
3779 0.492304
3780 0.498712
3781 0.498636
3782 0.494542
3783 0.499702
3784 0.501058
3785 0.498691
3786 0.502989
3787 0.496281
3788 0.50403
3789 0.501077
3790 0.496503
3791 0.503317
3792 0.507769
3793 0.496252
3794 0.491049
3795 0.495915
3796 0.48757
3797 0.495892
3798 0.503437
3799 0.491358
3800 0.505107
3801 0.502723
3802 0.503084
3803 0.503672
3804 0.507302
3805 0.494446
3806 0.496832
3807 0.49893
3808 0.497329
3809 0.5007
3810 0.501329
3811 0.500149
3812 0.499927
3813 0.501319
3814 0.49855
3815 0.506469
3816 0.492414
3817 0.49762
3818 0.50122
3819 0.496501
3820 0.496424
3821 0.501875
3822 0.502349
3823 0.495001
3824 0.501849
3825 0.508273
3826 0.49209
3827 0.500056
3828 0.498468
3829 0.507637
3830 0.504041
3831 0.505259
3832 0.49
3833 0.504305
3834 0.500402
3835 0.498306
3836 0.500025
3837 0.496899
3838 0.511501
3839 0.503299
3840 0.502856
3841 0.499124
3842 0.501322
3843 0.498068
3844 0.493764
3845 0.505794
3846 0.492972
3847 0.494168
3848 0.505472
3849 0.502096
3850 0.511142
3851 0.502948
3852 0.48938
3853 0.494677
3854 0.500647
3855 0.50084
3856 0.501839
3857 0.497917
3858 0.50244
3859 0.505144
3860 0.500756
3861 0.501153
3862 0.499456
3863 0.495082
3864 0.495793
3865 0.500949
3866 0.493291
3867 0.499192
3868 0.491666
3869 0.499819
3870 0.50414
3871 0.503601
3872 0.497271
3873 0.500415
3874 0.494178
3875 0.502051
3876 0.506997
3877 0.502046
3878 0.498238
3879 0.49474
3880 0.496549
3881 0.49189
3882 0.49886
3883 0.496558
3884 0.500744
3885 0.505086
3886 0.496732
3887 0.50267
3888 0.502496
3889 0.502602
3890 0.50112
3891 0.498857
3892 0.49412
3893 0.493953
3894 0.502541
3895 0.50007
3896 0.495947
3897 0.499257
3898 0.491153
3899 0.50099
3900 0.499019
3901 0.501355
3902 0.501348
3903 0.502243
3904 0.498885
3905 0.501994
3906 0.500934
3907 0.496997
3908 0.495394
3909 0.504169
3910 0.508136
3911 0.50913
3912 0.503427
3913 0.504225
3914 0.491852
3915 0.500663
3916 0.497478
3917 0.502603
3918 0.500939
3919 0.498953
3920 0.501095
3921 0.497683
3922 0.500444
3923 0.505441
3924 0.501665
3925 0.503379
3926 0.500372
3927 0.497343
3928 0.49431
3929 0.49492
3930 0.505761
3931 0.503901
3932 0.497477
3933 0.500781
3934 0.50266
3935 0.505325
3936 0.506438
3937 0.494107
3938 0.497201
3939 0.494981
3940 0.498189
3941 0.499261
3942 0.497744
3943 0.503037
3944 0.495626
3945 0.504497
3946 0.499517
3947 0.494596
3948 0.504617
3949 0.498233
3950 0.506048
3951 0.500596
3952 0.498515
3953 0.497717
3954 0.501114
3955 0.499906
3956 0.503905
3957 0.504394
3958 0.49593
3959 0.510194
3960 0.508021
3961 0.501644
3962 0.502949
3963 0.502501
3964 0.499723
3965 0.495051
3966 0.497033
3967 0.49785
3968 0.501114
3969 0.496693
3970 0.509111
3971 0.508105
3972 0.500258
3973 0.511028
3974 0.496743
3975 0.492826
3976 0.505696
3977 0.498445
3978 0.501799
3979 0.501739
3980 0.503273
3981 0.502914
3982 0.505735
3983 0.501481
3984 0.497052
3985 0.506475
3986 0.504766
3987 0.497385
3988 0.495239
3989 0.505142
3990 0.505547
3991 0.500228
3992 0.4935
3993 0.496813
3994 0.497962
3995 0.499587
3996 0.505791
3997 0.502647
3998 0.496163
3999 0.494883
4000 0.498762
4001 0.49903
4002 0.49912
4003 0.497331
4004 0.496066
4005 0.50289
4006 0.501318
4007 0.504325
4008 0.491303
4009 0.497684
4010 0.502099
4011 0.497497
4012 0.48764
4013 0.499254
4014 0.492978
4015 0.504726
4016 0.503406
4017 0.506714
4018 0.499618
4019 0.501793
4020 0.502944
4021 0.496123
4022 0.502813
4023 0.497584
4024 0.49694
4025 0.503119
4026 0.495748
4027 0.496376
4028 0.500755
4029 0.499831
4030 0.495162
4031 0.50866
4032 0.500778
4033 0.505868
4034 0.504302
4035 0.503881
4036 0.502467
4037 0.499116
4038 0.494832
4039 0.496657
4040 0.495765
4041 0.500573
4042 0.499538
4043 0.503508
4044 0.498635
4045 0.495013
4046 0.494605
4047 0.500829
4048 0.501842
4049 0.500719
4050 0.496511
4051 0.500051
4052 0.505388
4053 0.506497
4054 0.490041
4055 0.509102
4056 0.507078
4057 0.496596
4058 0.504484
4059 0.503647
4060 0.498605
4061 0.500919
4062 0.49662
4063 0.513292
4064 0.503497
4065 0.494439
4066 0.503049
4067 0.502038
4068 0.496298
4069 0.493694
4070 0.504697
4071 0.501293
4072 0.498237
4073 0.490975
4074 0.496098
4075 0.498073
4076 0.496564
4077 0.497564
4078 0.498345
4079 0.500467
4080 0.498722
4081 0.496449
4082 0.499072
4083 0.499209
4084 0.504913
4085 0.491961
4086 0.491898
4087 0.499333
4088 0.502523
4089 0.493004
4090 0.500017
4091 0.508147
4092 0.499918
4093 0.501208
4094 0.494088
4095 0.497867
4096 0.501143
4097 0.497001
4098 0.5136
4099 0.499826
4100 0.497177
4101 0.496396
4102 0.501709
4103 0.510475
4104 0.491742
4105 0.498356
4106 0.488279
4107 0.500586
4108 0.495413
4109 0.498861
4110 0.508479
4111 0.492944
4112 0.495365
4113 0.494702
4114 0.500146
4115 0.503692
4116 0.506064
4117 0.500908
4118 0.502299
4119 0.500856
4120 0.49556
4121 0.509145
4122 0.508781
4123 0.496869
4124 0.50225
4125 0.493487
4126 0.497606
4127 0.499072
4128 0.49808
4129 0.495015
4130 0.498831
4131 0.495554
4132 0.490792
4133 0.501236
4134 0.500826
4135 0.500099
4136 0.500439
4137 0.501184
4138 0.496479
4139 0.497079
4140 0.500856
4141 0.5018
4142 0.50544
4143 0.502665
4144 0.502068
4145 0.503608
4146 0.49521
4147 0.494248
4148 0.500604
4149 0.498518
4150 0.496912
4151 0.495107
4152 0.504963
4153 0.50371
4154 0.498427
4155 0.501544
4156 0.497495
4157 0.498563
4158 0.491452
4159 0.486927
4160 0.509579
4161 0.495987
4162 0.492598
4163 0.502617
4164 0.490994
4165 0.495795
4166 0.502655
4167 0.498552
4168 0.497278
4169 0.49766
4170 0.502599
4171 0.497768
4172 0.502143
4173 0.49758
4174 0.505012
4175 0.503142
4176 0.504363
4177 0.499296
4178 0.500403
4179 0.500987
4180 0.508368
4181 0.498676
4182 0.504184
4183 0.497235
4184 0.498729
4185 0.506601
4186 0.497771
4187 0.492713
4188 0.495114
4189 0.497759
4190 0.500462
4191 0.500455
4192 0.501223
4193 0.497359
4194 0.502126
4195 0.503872
4196 0.494785
4197 0.504322
4198 0.503166
4199 0.504232
4200 0.504133
4201 0.496416
4202 0.503338
4203 0.504317
4204 0.49763
4205 0.505106
4206 0.4931
4207 0.504665
4208 0.496017
4209 0.504416
4210 0.499114
4211 0.499714
4212 0.500083
4213 0.499567
4214 0.495656
4215 0.496328
4216 0.505528
4217 0.505863
4218 0.50209
4219 0.496347
4220 0.500429
4221 0.501533
4222 0.504084
4223 0.494421
4224 0.492487
4225 0.499446
4226 0.506888
4227 0.495798
4228 0.500657
4229 0.501927
4230 0.497326
4231 0.499856
4232 0.49878
4233 0.508117
4234 0.505098
4235 0.491609
4236 0.498161
4237 0.495046
4238 0.494975
4239 0.505292
4240 0.496131
4241 0.495893
4242 0.497638
4243 0.498779
4244 0.499599
4245 0.507057
4246 0.491029
4247 0.497386
4248 0.499378
4249 0.498144
4250 0.499549
4251 0.49555
4252 0.502864
4253 0.501754
4254 0.500125
4255 0.496279
4256 0.507004
4257 0.497695
4258 0.492621
4259 0.504186
4260 0.503106
4261 0.505389
4262 0.496621
4263 0.504007
4264 0.502557
4265 0.500782
4266 0.498166
4267 0.49918
4268 0.496175
4269 0.493177
4270 0.503369
4271 0.502035
4272 0.502649
4273 0.494592
4274 0.494079
4275 0.50605
4276 0.500508
4277 0.492367
4278 0.501569
4279 0.503068
4280 0.492198
4281 0.500287
4282 0.503603
4283 0.505446
4284 0.50286
4285 0.495754
4286 0.500324
4287 0.49834
4288 0.504093
4289 0.500846
4290 0.506417
4291 0.501158
4292 0.498455
4293 0.503875
4294 0.498815
4295 0.507885
4296 0.498243
4297 0.493867
4298 0.495909
4299 0.505126
4300 0.501542
4301 0.498543
4302 0.49959
4303 0.494773
4304 0.502666
4305 0.50182
4306 0.499112
4307 0.497813
4308 0.496505
4309 0.495392
4310 0.498477
4311 0.508428
4312 0.503601
4313 0.501419
4314 0.506554
4315 0.505796
4316 0.501261
4317 0.492002
4318 0.492264
4319 0.499508
4320 0.495221
4321 0.498185
4322 0.497016
4323 0.495089
4324 0.498867
4325 0.511367
4326 0.500548
4327 0.50794
4328 0.497514
4329 0.499862
4330 0.493469
4331 0.502395
4332 0.506454
4333 0.507751
4334 0.504032
4335 0.499707
4336 0.495509
4337 0.492337
4338 0.491285
4339 0.500512
4340 0.502197
4341 0.494729
4342 0.500443
4343 0.497267
4344 0.497856
4345 0.503727
4346 0.503022
4347 0.490547
4348 0.504218
4349 0.504473
4350 0.503215
4351 0.505211
4352 0.497047
4353 0.504602
4354 0.49344
4355 0.496145
4356 0.492821
4357 0.505583
4358 0.502233
4359 0.503205
4360 0.49577
4361 0.4964
4362 0.501005
4363 0.494618
4364 0.500572
4365 0.504335
4366 0.492083
4367 0.499735
4368 0.496453
4369 0.506492
4370 0.490765
4371 0.502634
4372 0.501938
4373 0.500166
4374 0.499288
4375 0.49805
4376 0.499209
4377 0.489748
4378 0.504222
4379 0.504072
4380 0.506712
4381 0.505113
4382 0.502536
4383 0.499785
4384 0.494876
4385 0.495284
4386 0.499698
4387 0.501145
4388 0.501103
4389 0.502055
4390 0.494942
4391 0.498457
4392 0.499869
4393 0.502831
4394 0.497
4395 0.508468
4396 0.496451
4397 0.506528
4398 0.491911
4399 0.499401
4400 0.495079
4401 0.500853
4402 0.49469
4403 0.496345
4404 0.49701
4405 0.502214
4406 0.498682
4407 0.498985
4408 0.501644
4409 0.506044
4410 0.495989
4411 0.495653
4412 0.50377
4413 0.493486
4414 0.495297
4415 0.499704
4416 0.502593
4417 0.50108
4418 0.506234
4419 0.492222
4420 0.502434
4421 0.497568
4422 0.501273
4423 0.499248
4424 0.503727
4425 0.506325
4426 0.496778
4427 0.505756
4428 0.496805
4429 0.504314
4430 0.496542
4431 0.499099
4432 0.496761
4433 0.497623
4434 0.501009
4435 0.504065
4436 0.503164
4437 0.495532
4438 0.497517
4439 0.495944
4440 0.500079
4441 0.501529
4442 0.500576
4443 0.498078
4444 0.503682
4445 0.498868
4446 0.502075
4447 0.500163
4448 0.495741
4449 0.499206
4450 0.499433
4451 0.49858
4452 0.504157
4453 0.496984
4454 0.50449
4455 0.494827
4456 0.501922
4457 0.495419
4458 0.505341
4459 0.491515
4460 0.50165
4461 0.500436
4462 0.495907
4463 0.498921
4464 0.499224
4465 0.500956
4466 0.504577
4467 0.505974
4468 0.49561
4469 0.497101
4470 0.502673
4471 0.494387
4472 0.503168
4473 0.494657
4474 0.496049
4475 0.494398
4476 0.49646
4477 0.501783
4478 0.498678
4479 0.496544
4480 0.500021
4481 0.496498
4482 0.495444
4483 0.496366
4484 0.500343
4485 0.49753
4486 0.497321
4487 0.499848
4488 0.496933
4489 0.502261
4490 0.503006
4491 0.503812
4492 0.501072
4493 0.489316
4494 0.496058
4495 0.499872
4496 0.494762
4497 0.494203
4498 0.493801
4499 0.500618
4500 0.500986
4501 0.500582
4502 0.499935
4503 0.50306
4504 0.500867
4505 0.502403
4506 0.504091
4507 0.501989
4508 0.505443
4509 0.493815
4510 0.494306
4511 0.501514
4512 0.505254
4513 0.49904
4514 0.492542
4515 0.504576
4516 0.500265
4517 0.49532
4518 0.503191
4519 0.497987
4520 0.503323
4521 0.498184
4522 0.497824
4523 0.500411
4524 0.497167
4525 0.491956
4526 0.505968
4527 0.505041
4528 0.500638
4529 0.503829
4530 0.497993
4531 0.493661
4532 0.501356
4533 0.498196
4534 0.507257
4535 0.506482
4536 0.500278
4537 0.491528
4538 0.501529
4539 0.506712
4540 0.506875
4541 0.507761
4542 0.502205
4543 0.502272
4544 0.494309
4545 0.496391
4546 0.498952
4547 0.505315
4548 0.500128
4549 0.503308
4550 0.496388
4551 0.499556
4552 0.502184
4553 0.501524
4554 0.496738
4555 0.497003
4556 0.501116
4557 0.496285
4558 0.496571
4559 0.505549
4560 0.499783
4561 0.50282
4562 0.503313
4563 0.498834
4564 0.499966
4565 0.498753
4566 0.501746
4567 0.503407
4568 0.498232
4569 0.493723
4570 0.503527
4571 0.494179
4572 0.500006
4573 0.498502
4574 0.496221
4575 0.503518
4576 0.494061
4577 0.498939
4578 0.495582
4579 0.500792
4580 0.498038
4581 0.49691
4582 0.506461
4583 0.493277
4584 0.506189
4585 0.493644
4586 0.502972
4587 0.50606
4588 0.498802
4589 0.500855
4590 0.504892
4591 0.503853
4592 0.490045
4593 0.496575
4594 0.495948
4595 0.498894
4596 0.493447
4597 0.50787
4598 0.501649
4599 0.500847
4600 0.50133
4601 0.503524
4602 0.49993
4603 0.504795
4604 0.500377
4605 0.500952
4606 0.50174
4607 0.493578
4608 0.501769
4609 0.499461
4610 0.508109
4611 0.497809
4612 0.508196
4613 0.497862
4614 0.50444
4615 0.508324
4616 0.495705
4617 0.493899
4618 0.493654
4619 0.505576
4620 0.501092
4621 0.497371
4622 0.513135
4623 0.505151
4624 0.499799
4625 0.501135
4626 0.49737
4627 0.503441
4628 0.501064
4629 0.50068
4630 0.500146
4631 0.501756
4632 0.500792
4633 0.502988
4634 0.507512
4635 0.504693
4636 0.502994
4637 0.503137
4638 0.500054
4639 0.498074
4640 0.506825
4641 0.497563
4642 0.505183
4643 0.501179
4644 0.497518
4645 0.503097
4646 0.50235
4647 0.501713
4648 0.500972
4649 0.502787
4650 0.494222
4651 0.501696
4652 0.496059
4653 0.501865
4654 0.504579
4655 0.498298
4656 0.490137
4657 0.505074
4658 0.501952
4659 0.498831
4660 0.504041
4661 0.499941
4662 0.503757
4663 0.503287
4664 0.503456
4665 0.503405
4666 0.496595
4667 0.497438
4668 0.505264
4669 0.505186
4670 0.502692
4671 0.502869
4672 0.501056
4673 0.494577
4674 0.498656
4675 0.501723
4676 0.510295
4677 0.499196
4678 0.498984
4679 0.506827
4680 0.505065
4681 0.498296
4682 0.489045
4683 0.494361
4684 0.505848
4685 0.502934
4686 0.503587
4687 0.505283
4688 0.497799
4689 0.501585
4690 0.501675
4691 0.494703
4692 0.497547
4693 0.504897
4694 0.498175
4695 0.500595
4696 0.499195
4697 0.500957
4698 0.502142
4699 0.497275
4700 0.498124
4701 0.497845
4702 0.506095
4703 0.497618
4704 0.501796
4705 0.503448
4706 0.499244
4707 0.501867
4708 0.505328
4709 0.501812
4710 0.497878
4711 0.4945
4712 0.496675
4713 0.488252
4714 0.500953
4715 0.509367
4716 0.498848
4717 0.50536
4718 0.501793
4719 0.502058
4720 0.499006
4721 0.506795
4722 0.495971
4723 0.50584
4724 0.496285
4725 0.495643
4726 0.494609
4727 0.505622
4728 0.50086
4729 0.499662
4730 0.502524
4731 0.502624
4732 0.509676
4733 0.49711
4734 0.498082
4735 0.497793
4736 0.493494
4737 0.492159
4738 0.497031
4739 0.513457
4740 0.506116
4741 0.503128
4742 0.500401
4743 0.499098
4744 0.503677
4745 0.496243
4746 0.50435
4747 0.495504
4748 0.501639
4749 0.502752
4750 0.492733
4751 0.497364
4752 0.498212
4753 0.506294
4754 0.502006
4755 0.504852
4756 0.500782
4757 0.505222
4758 0.504477
4759 0.497571
4760 0.504323
4761 0.502984
4762 0.495669
4763 0.496539
4764 0.494088
4765 0.505482
4766 0.495142
4767 0.503746
4768 0.5024
4769 0.506545
4770 0.497742
4771 0.507872
4772 0.494905
4773 0.507715
4774 0.49845
4775 0.493295
4776 0.497637
4777 0.502376
4778 0.504356
4779 0.500521
4780 0.497836
4781 0.500238
4782 0.497952
4783 0.50113
4784 0.491771
4785 0.496125
4786 0.500462
4787 0.49792
4788 0.50279
4789 0.490249
4790 0.50226
4791 0.507702
4792 0.496037
4793 0.502151
4794 0.496348
4795 0.497257
4796 0.498212
4797 0.500631
4798 0.501193
4799 0.492401
4800 0.503287
4801 0.503042
4802 0.503621
4803 0.496375
4804 0.494615
4805 0.50094
4806 0.500112
4807 0.500319
4808 0.502562
4809 0.505001
4810 0.503271
4811 0.506818
4812 0.498787
4813 0.494439
4814 0.503545
4815 0.508646
4816 0.500904
4817 0.499556
4818 0.504333
4819 0.501087
4820 0.500937
4821 0.493027
4822 0.495084
4823 0.499048
4824 0.49017
4825 0.491884
4826 0.503483
4827 0.499921
4828 0.491633
4829 0.496271
4830 0.494937
4831 0.500555
4832 0.496072
4833 0.504266
4834 0.50474
4835 0.505834
4836 0.499192
4837 0.512308
4838 0.49798
4839 0.498171
4840 0.499295
4841 0.50425
4842 0.498503
4843 0.49934
4844 0.502533
4845 0.503599
4846 0.501514
4847 0.498803
4848 0.497767
4849 0.499177
4850 0.503152
4851 0.500728
4852 0.506156
4853 0.502865
4854 0.505356
4855 0.493673
4856 0.500693
4857 0.495319
4858 0.500846
4859 0.496341
4860 0.49786
4861 0.501692
4862 0.495739
4863 0.497334
4864 0.505594
4865 0.502157
4866 0.507633
4867 0.49857
4868 0.499487
4869 0.494663
4870 0.501498
4871 0.497019
4872 0.496459
4873 0.492864
4874 0.500901
4875 0.497612
4876 0.49851
4877 0.500071
4878 0.490432
4879 0.50338
4880 0.496839
4881 0.496083
4882 0.498576
4883 0.501055
4884 0.49812
4885 0.504882
4886 0.497495
4887 0.50352
4888 0.496583
4889 0.50554
4890 0.497669
4891 0.50275
4892 0.501789
4893 0.501009
4894 0.50417
4895 0.505592
4896 0.498568
4897 0.503893
4898 0.501981
4899 0.498467
4900 0.501205
4901 0.503846
4902 0.503625
4903 0.496885
4904 0.505815
4905 0.503243
4906 0.501004
4907 0.500124
4908 0.500511
4909 0.496609
4910 0.494181
4911 0.500695
4912 0.49856
4913 0.504055
4914 0.500692
4915 0.496925
4916 0.495637
4917 0.504283
4918 0.496742
4919 0.49733
4920 0.498317
4921 0.497422
4922 0.496034
4923 0.493584
4924 0.494592
4925 0.503257
4926 0.505871
4927 0.491541
4928 0.504321
4929 0.496554
4930 0.497251
4931 0.500128
4932 0.503972
4933 0.501933
4934 0.500445
4935 0.50329
4936 0.491888
4937 0.498266
4938 0.498653
4939 0.496392
4940 0.492168
4941 0.49821
4942 0.504483
4943 0.499169
4944 0.496941
4945 0.504878
4946 0.509127
4947 0.504469
4948 0.498366
4949 0.496842
4950 0.496667
4951 0.496189
4952 0.497811
4953 0.496964
4954 0.502086
4955 0.500606
4956 0.507348
4957 0.500116
4958 0.507991
4959 0.499694
4960 0.498905
4961 0.499927
4962 0.502875
4963 0.502536
4964 0.501735
4965 0.497257
4966 0.502407
4967 0.493702
4968 0.500518
4969 0.504387
4970 0.50337
4971 0.497506
4972 0.49718
4973 0.505524
4974 0.498152
4975 0.501922
4976 0.498697
4977 0.498795
4978 0.499018
4979 0.501351
4980 0.494498
4981 0.504424
4982 0.504628
4983 0.506209
4984 0.50455
4985 0.49954
4986 0.500895
4987 0.508084
4988 0.493057
4989 0.503118
4990 0.501682
4991 0.505249
4992 0.503736
4993 0.497318
4994 0.496799
4995 0.492701
4996 0.500138
4997 0.498898
4998 0.496013
4999 0.49695
5000 0.504889
